0.03177601966499762 0.0020371428571428567 178.62594793748337
0.03177601966499762 0.0020742857142857143 96.16094715114298
0.03177601966499762 0.0021114285714285714 96.10363328011647
0.03177601966499762 0.0021485714285714285 96.17101627423801
0.03177601966499762 0.0021857142857142856 96.36242373673122
0.03177601966499762 0.0022228571428571427 96.67701479129198
0.03177601966499762 0.00226 97.11377976114761
0.03177601966499762 0.002297142857142857 97.67153839277341
0.03177601966499762 0.002334285714285714 98.34893679888569
0.03177601966499762 0.002371428571428572 99.14444332077767
0.03177601966499762 0.0024085714285714288 100.05634353142159
0.03177601966499762 0.0024457142857142854 101.08273461776798
0.03177601966499762 0.002482857142857143 102.2215193931105
0.03177601966499762 0.00252 103.4704001981803
0.03177601966499762 0.0025571428571428572 104.82687295263497
0.03177601966499762 0.0025942857142857143 106.28822161701362
0.03177601966499762 0.0026314285714285715 107.85151331893337
0.03177601966499762 0.002668571428571429 109.51359438669328
0.03177601966499762 0.0027057142857142857 111.27108751860806
0.03177601966499762 0.002742857142857143 113.12039029773803
0.03177601966499762 0.00278 115.0576752395151
0.03177601966499762 0.002817142857142857 117.078891534528
0.03177601966499762 0.0028542857142857146 119.1797686209004
0.03177601966499762 0.0028914285714285717 121.35582169073473
0.03177601966499762 0.002928571428571429 123.60235920354296
0.03177601966499762 0.0029657142857142855 125.91449244699174
0.03177601966499762 0.003002857142857143 128.28714715217973
0.03177601966499762 0.00304 130.71507713758513
0.03177601966499762 0.003077142857142857 133.1928799233673
0.03177601966499762 0.0031142857142857144 135.7150142262526
0.03177601966499762 0.0031514285714285715 138.2758192155012
0.03177601966499762 0.003188571428571429 140.86953538261423
0.03177601966499762 0.0032257142857142857 143.49032685220368
0.03177601966499762 0.003262857142857143 70.99048428240519
0.03177601966499762 0.0033 73.43194713191292
0.033601387775533065 0.0020371428571428567 20.949160742866752
0.033601387775533065 0.0020742857142857143 20.922280360248237
0.033601387775533065 0.0021114285714285714 21.010596583298252
0.033601387775533065 0.0021485714285714285 21.21340807962264
0.033601387775533065 0.0021857142857142856 21.52989506072987
0.033601387775533065 0.0022228571428571427 21.959120088483928
0.033601387775533065 0.00226 22.50002685846073
0.033601387775533065 0.002297142857142857 23.151437127371196
0.033601387775533065 0.002334285714285714 23.91204598521057
0.033601387775533065 0.002371428571428572 24.780415702113658
0.033601387775533065 0.0024085714285714288 25.75496840457936
0.033601387775533065 0.0024457142857142854 26.833977855574176
0.033601387775533065 0.002482857142857143 28.015560627687535
0.033601387775533065 0.00252 29.29766696795133
0.033601387775533065 0.0025571428571428572 30.678071657019018
0.033601387775533065 0.0025942857142857143 32.15436516419294
0.033601387775533065 0.0026314285714285715 33.72394539341798
0.033601387775533065 0.002668571428571429 35.384010303963294
0.033601387775533065 0.0027057142857142857 37.13155167345269
0.033601387775533065 0.002742857142857143 38.96335025042754
0.033601387775533065 0.00278 40.87597251921062
0.033601387775533065 0.002817142857142857 42.86576927192846
0.033601387775533065 0.0028542857142857146 44.92887615164136
0.033601387775533065 0.0028914285714285717 47.061216297195585
0.033601387775533065 0.002928571428571429 49.25850518525624
0.033601387775533065 0.0029657142857142855 51.516257728530775
0.033601387775533065 0.003002857142857143 53.82979765215873
0.033601387775533065 0.00304 56.194269133175965
0.033601387775533065 0.003077142857142857 58.60465065146366
0.033601387775533065 0.0031142857142857144 61.05577096528634
0.033601387775533065 0.0031514285714285715 63.54232709090388
0.033601387775533065 0.003188571428571429 66.05890413440136
0.033601387775533065 0.0032257142857142857 68.5999967951733
0.033601387775533065 0.003262857142857143 71.16003233499919
0.033601387775533065 0.0033 73.73339478452488
0.03547591151396571 0.0020371428571428567 17.92959948759284
0.03547591151396571 0.0020742857142857143 17.961504693696668
0.03547591151396571 0.0021114285714285714 18.112572818766694
0.03547591151396571 0.0021485714285714285 18.38195653271515
0.03547591151396571 0.0021857142857142856 18.768702383508526
0.03547591151396571 0.0022228571428571427 19.271751532775966
0.03547591151396571 0.00226 19.889938150862122
0.03547591151396571 0.002297142857142857 20.621985658892527
0.03547591151396571 0.002334285714285714 21.46650104310919
0.03547591151396571 0.002371428571428572 22.421967499790412
0.03547591151396571 0.0024085714285714288 23.486735696960977
0.03547591151396571 0.0024457142857142854 24.65901396156704
0.03547591151396571 0.002482857142857143 25.93685771748443
0.03547591151396571 0.00252 27.318158510588148
0.03547591151396571 0.0025571428571428572 28.800632961965334
0.03547591151396571 0.0025942857142857143 30.381811989319033
0.03547591151396571 0.0026314285714285715 32.05903062975074
0.03547591151396571 0.002668571428571429 33.829418784679376
0.03547591151396571 0.0027057142857142857 35.689893189941984
0.03547591151396571 0.002742857142857143 37.63715089148877
0.03547591151396571 0.00278 39.66766448002477
0.03547591151396571 0.002817142857142857 41.77767930694637
0.03547591151396571 0.0028542857142857146 43.9632128695593
0.03547591151396571 0.0028914285714285717 46.220056516464126
0.03547591151396571 0.002928571428571429 48.54377958480205
0.03547591151396571 0.0029657142857142855 50.92973604042908
0.03547591151396571 0.003002857142857143 53.37307365075867
0.03547591151396571 0.00304 55.868745678580865
0.03547591151396571 0.003077142857142857 58.41152504442283
0.03547591151396571 0.0031142857142857144 60.99602086547259
0.03547591151396571 0.0031514285714285715 63.61669724150488
0.03547591151396571 0.003188571428571429 66.26789412306857
0.03547591151396571 0.0032257142857142857 68.94385006505968
0.03547591151396571 0.003262857142857143 71.6387266400883
0.03547591151396571 0.0033 74.34663426121995
0.03739939331669016 0.0020371428571428567 15.073927313061517
0.03739939331669016 0.0020742857142857143 15.172877202446898
0.03739939331669016 0.0021114285714285714 15.394788358948176
0.03739939331669016 0.0021485714285714285 15.738651548643077
0.03739939331669016 0.0021857142857142856 16.20336618159797
0.03739939331669016 0.0022228571428571427 16.787740965941907
0.03739939331669016 0.00226 17.490491872598795
0.03739939331669016 0.002297142857142857 18.310237620325893
0.03739939331669016 0.002334285714285714 19.24549293299276
0.03739939331669016 0.002371428571428572 20.29465985815915
0.03739939331669016 0.0024085714285714288 21.456017467400216
0.03739939331669016 0.0024457142857142854 22.72771028418282
0.03739939331669016 0.002482857142857143 24.107735804013373
0.03739939331669016 0.00252 25.593931484006873
0.03739939331669016 0.0025571428571428572 27.18396158474826
0.03739939331669016 0.0025942857142857143 28.875304246486166
0.03739939331669016 0.0026314285714285715 30.66523917436041
0.03739939331669016 0.002668571428571429 32.5508362938175
0.03739939331669016 0.0027057142857142857 34.52894571789108
0.03739939331669016 0.002742857142857143 36.59618934308355
0.03739939331669016 0.00278 38.74895436067328
0.03739939331669016 0.002817142857142857 40.983388935918924
0.03739939331669016 0.0028542857142857146 43.2954002695584
0.03739939331669016 0.0028914285714285717 45.68065521480099
0.03739939331669016 0.002928571428571429 48.1345835794595
0.03739939331669016 0.0029657142857142855 50.652384197737945
0.03739939331669016 0.003002857142857143 53.2290338101422
0.03739939331669016 0.00304 55.859298743906095
0.03739939331669016 0.003077142857142857 58.53774934087238
0.03739939331669016 0.0031142857142857144 61.258777035712455
0.03739939331669016 0.0031514285714285715 64.01661394538223
0.03739939331669016 0.003188571428571429 66.80535479145362
0.03739939331669016 0.0032257142857142857 69.61898094098945
0.03739939331669016 0.003262857142857143 72.45138631950567
0.03739939331669016 0.0033 75.29640492170381
0.03937163046021352 0.0020371428571428567 12.401522322233177
0.03937163046021352 0.0020742857142857143 12.576304469838078
0.03937163046021352 0.0021114285714285714 12.877656699692523
0.03937163046021352 0.0021485714285714285 13.304390993411516
0.03937163046021352 0.0021857142857142856 13.855245340266777
0.03937163046021352 0.0022228571428571427 14.528884299020831
0.03937163046021352 0.00226 15.32389648845907
0.03937163046021352 0.002297142857142857 16.238789240124788
0.03937163046021352 0.002334285714285714 17.271980694023966
0.03937163046021352 0.002371428571428572 18.421789659641036
0.03937163046021352 0.0024085714285714288 19.68642359980697
0.03937163046021352 0.0024457142857142854 21.063965123442813
0.03937163046021352 0.002482857142857143 22.55235739460477
0.03937163046021352 0.00252 24.149388879358185
0.03937163046021352 0.0025571428571428572 25.852677858755044
0.03937163046021352 0.0025942857142857143 27.65965713556011
0.03937163046021352 0.0026314285714285715 29.567559354581874
0.03937163046021352 0.002668571428571429 31.57340334169453
0.03937163046021352 0.0027057142857142857 33.67398184532044
0.03937163046021352 0.002742857142857143 35.86585103670956
0.03937163046021352 0.00278 38.145322092337096
0.03937163046021352 0.002817142857142857 40.5084551438631
0.03937163046021352 0.0028542857142857146 42.95105583893218
0.03937163046021352 0.0028914285714285717 45.46867471052184
0.03937163046021352 0.002928571428571429 48.05660950429717
0.03937163046021352 0.0029657142857142855 50.70991056334685
0.03937163046021352 0.003002857142857143 53.423389318628836
0.03937163046021352 0.00304 56.19162988225668
0.03937163046021352 0.003077142857142857 59.00900369025737
0.03937163046021352 0.0031142857142857144 61.869687092451954
0.03937163046021352 0.0031514285714285715 64.76768174036829
0.03937163046021352 0.003188571428571429 67.69683758037968
0.03937163046021352 0.0032257142857142857 70.65087821915824
0.03937163046021352 0.003262857142857143 73.62342839265852
0.03937163046021352 0.0033 76.6080432387131
0.04139241508252115 0.0020371428571428567 9.932189913560137
0.04139241508252115 0.0020742857142857143 10.192132928933916
0.04139241508252115 0.0021114285714285714 10.582043288385307
0.04139241508252115 0.0021485714285714285 11.100536307038112
0.04139241508252115 0.0021857142857142856 11.74617343890327
0.04139241508252115 0.0022228571428571427 12.51746273582637
0.04139241508252115 0.00226 13.41285581813446
0.04139241508252115 0.002297142857142857 14.430741616159594
0.04139241508252115 0.002334285714285714 15.569437194539319
0.04139241508252115 0.002371428571428572 16.827176017542683
0.04139241508252115 0.0024085714285714288 18.20209405303939
0.04139241508252115 0.0024457142857142854 19.69221414465568
0.04139241508252115 0.002482857142857143 21.295429105704727
0.04139241508252115 0.00252 23.009484004490787
0.04139241508252115 0.0025571428571428572 24.831958118426655
0.04139241508252115 0.0025942857142857143 26.760247034062843
0.04139241508252115 0.0026314285714285715 28.79154536183239
0.04139241508252115 0.002668571428571429 30.922830518323906
0.04139241508252115 0.0027057142857142857 33.15084800554814
0.04139241508252115 0.002742857142857143 35.47209858659551
0.04139241508252115 0.00278 37.88282772077628
0.04139241508252115 0.002817142857142857 40.37901757957144
0.04139241508252115 0.0028542857142857146 42.95638191826515
0.04139241508252115 0.0028914285714285717 45.61036402777188
0.04139241508252115 0.002928571428571429 48.33613793787367
0.04139241508252115 0.0029657142857142855 51.12861298768797
0.04139241508252115 0.003002857142857143 53.98244182269809
0.04139241508252115 0.00304 56.8920318209573
0.04139241508252115 0.003077142857142857 59.85155989514453
0.04139241508252115 0.0031142857142857144 62.85499056280287
0.04139241508252115 0.0031514285714285715 65.89609712522429
0.04139241508252115 0.003188571428571429 68.9684857468992
0.04139241508252115 0.0032257142857142857 72.06562218283182
0.04139241508252115 0.003262857142857143 75.18086086112362
0.04139241508252115 0.0033 78.30747599348933
0.04346153420498417 0.0020371428571428567 7.6861556651835485
0.04346153420498417 0.0020742857142857143 8.041141617164271
0.04346153420498417 0.0021114285714285714 8.529258158670189
0.04346153420498417 0.0021485714285714285 9.148905027966123
0.04346153420498417 0.0021857142857142856 9.898451174636818
0.04346153420498417 0.0022228571428571427 10.7762351051731
0.04346153420498417 0.00226 11.78056128627668
0.04346153420498417 0.002297142857142857 12.909692892659962
0.04346153420498417 0.002334285714285714 14.161841244728294
0.04346153420498417 0.002371428571428572 15.535152333087126
0.04346153420498417 0.0024085714285714288 17.027690870699075
0.04346153420498417 0.0024457142857142854 18.637422349161284
0.04346153420498417 0.002482857142857143 20.362193602541083
0.04346153420498417 0.00252 22.1997124002977
0.04346153420498417 0.0025571428571428572 24.147526599850835
0.04346153420498417 0.0025942857142857143 26.203003389382445
0.04346153420498417 0.0026314285714285715 28.36330914266989
0.04346153420498417 0.002668571428571429 30.625390390406835
0.04346153420498417 0.0027057142857142857 32.98595638705336
0.04346153420498417 0.002742857142857143 35.44146371929497
0.04346153420498417 0.00278 37.988103362398306
0.04346153420498417 0.002817142857142857 40.621790544837836
0.04346153420498417 0.0028542857142857146 43.338157730439434
0.04346153420498417 0.0028914285714285717 46.13255097185646
0.04346153420498417 0.002928571428571429 49.00002983040429
0.04346153420498417 0.0029657142857142855 51.93537099619567
0.04346153420498417 0.003002857142857143 54.93307568014029
0.04346153420498417 0.00304 57.9873807867333
0.04346153420498417 0.003077142857142857 61.09227381470623
0.04346153420498417 0.0031142857142857144 64.24151137250783
0.04346153420498417 0.0031514285714285715 67.42864113817222
0.04346153420498417 0.003188571428571429 70.6470270393371
0.04346153420498417 0.0032257142857142857 73.88987737970558
0.04346153420498417 0.003262857142857143 77.15027559395651
0.04346153420498417 0.0033 80.4212132744683
0.045578769754806056 0.0020371428571428567 5.684058041859942
0.045578769754806056 0.0020742857142857143 6.1445347496593286
0.045578769754806056 0.0021114285714285714 6.741048380070879
0.045578769754806056 0.0021485714285714285 7.47176312880697
0.045578769754806056 0.0021857142857142856 8.334838593950167
0.045578769754806056 0.0022228571428571427 9.328429997979583
0.045578769754806056 0.00226 10.450683974563503
0.045578769754806056 0.002297142857142857 11.699730236513858
0.045578769754806056 0.002334285714285714 13.073669506231113
0.045578769754806056 0.002371428571428572 14.57055814717512
0.045578769754806056 0.0024085714285714288 16.188389983674995
0.045578769754806056 0.0024457142857142854 17.925075836049587
0.045578769754806056 0.002482857142857143 19.778421328192792
0.045578769754806056 0.00252 21.74610354510247
0.045578769754806056 0.0025571428571428572 23.825647128220794
0.045578769754806056 0.0025942857142857143 26.01440039689902
0.045578769754806056 0.0026314285714285715 28.309512074987538
0.045578769754806056 0.002668571428571429 30.707909182861385
0.045578769754806056 0.0027057142857142857 33.206276627488535
0.045578769754806056 0.002742857142857143 35.80103898719875
0.045578769754806056 0.00278 38.488344944219705
0.045578769754806056 0.002817142857142857 41.26405476771953
0.045578769754806056 0.0028542857142857146 44.12373119398512
0.045578769754806056 0.0028914285714285717 47.06263398942366
0.045578769754806056 0.002928571428571429 50.07571841745994
0.045578769754806056 0.0029657142857142855 53.15763776314907
0.045578769754806056 0.003002857142857143 56.30275000062994
0.045578769754806056 0.00304 59.50512861953757
0.045578769754806056 0.003077142857142857 62.75857755824711
0.045578769754806056 0.0031142857142857144 66.05665012553152
0.045578769754806056 0.0031514285714285715 69.39267172880534
0.045578769754806056 0.003188571428571429 72.75976616765809
0.045578769754806056 0.0032257142857142857 76.15088519671303
0.045578769754806056 0.003262857142857143 79.55884101273807
0.045578769754806056 0.0033 82.97634127816309
0.04774389858800624 0.0020371428571428567 3.946940925334843
0.04774389858800624 0.0020742857142857143 4.523934111962433
0.04774389858800624 0.0021114285714285714 5.239590323137122
0.04774389858800624 0.0021485714285714285 6.09181716397984
0.04774389858800624 0.0021857142857142856 7.078547132798235
0.04774389858800624 0.0022228571428571427 8.197737709722276
0.04774389858800624 0.00226 9.447366476179582
0.04774389858800624 0.002297142857142857 10.825421613284846
0.04774389858800624 0.002334285714285714 12.329888198986396
0.04774389858800624 0.002371428571428572 13.958730787128275
0.04774389858800624 0.0024085714285714288 15.709872805622865
0.04774389858800624 0.0024457142857142854 17.581173354993894
0.04774389858800624 0.002482857142857143 19.570402022157566
0.04774389858800624 0.00252 21.675212347123534
0.04774389858800624 0.0025571428571428572 23.893114592168274
0.04774389858800624 0.0025942857142857143 26.22144846394599
0.04774389858800624 0.0026314285714285715 28.65735642922101
0.04774389858800624 0.002668571428571429 31.197758244724128
0.04774389858800624 0.0027057142857142857 33.8393272915971
0.04774389858800624 0.002742857142857143 36.578469265688
0.04774389858800624 0.00278 39.411303727358074
0.04774389858800624 0.002817142857142857 42.333648959417644
0.04774389858800624 0.0028542857142857146 45.341010520320424
0.04774389858800624 0.0028914285714285717 48.42857381298046
0.04774389858800624 0.002928571428571429 51.591200918624565
0.04774389858800624 0.0029657142857142855 54.82343187128777
0.04774389858800624 0.003002857142857143 58.11949047305899
0.04774389858800624 0.00304 61.47329467429881
0.04774389858800624 0.003077142857142857 64.87847146800391
0.04774389858800624 0.0031142857142857144 68.32837617446194
0.04774389858800624 0.0031514285714285715 71.81611592252534
0.04774389858800624 0.003188571428571429 75.33457706825106
0.04774389858800624 0.0032257142857142857 78.87645623130823
0.04774389858800624 0.003262857142857143 82.4342945753516
0.04774389858800624 0.0033 86.00051491120075
0.0499566925129382 0.0020371428571428567 2.496245968917094
0.0499566925129382 0.0020742857142857143 3.2013712728187897
0.0499566925129382 0.0021114285714285714 4.047481740765306
0.0499566925129382 0.0021485714285714285 5.032206229864414
0.0499566925129382 0.0021857142857142856 6.153231465798683
0.0499566925129382 0.0022228571428571427 7.4083019887495425
0.0499566925129382 0.00226 8.795214553174219
0.0499566925129382 0.002297142857142857 10.311807363341984
0.0499566925129382 0.002334285714285714 11.95594460565809
0.0499566925129382 0.002371428571428572 13.725496808701621
0.0499566925129382 0.0024085714285714288 15.618317621625295
0.0499566925129382 0.0024457142857142854 17.63221765037588
0.0499566925129382 0.002482857142857143 19.76493602853111
0.0499566925129382 0.00252 22.014110425082777
0.0499566925129382 0.0025571428571428572 24.37724620495311
0.0499566925129382 0.0025942857142857143 26.851685459563214
0.0499566925129382 0.0026314285714285715 29.434576614449668
0.0499566925129382 0.002668571428571429 32.12284529924756
0.0499566925129382 0.0027057142857142857 34.91316713281407
0.0499566925129382 0.002742857142857143 37.80194303362828
0.0499566925129382 0.00278 40.78527761373391
0.0499566925129382 0.002817142857142857 43.85896115439391
0.0499566925129382 0.0028542857142857146 47.0184555944428
0.0499566925129382 0.0028914285714285717 50.25888488924903
0.0499566925129382 0.002928571428571429 53.575030020558074
0.0499566925129382 0.0029657142857142855 56.961328856583634
0.0499566925129382 0.003002857142857143 60.411880978957925
0.0499566925129382 0.00304 63.92045750988473
0.0499566925129382 0.003077142857142857 67.48051589045917
0.0499566925129382 0.0031142857142857144 71.08521948089106
0.0499566925129382 0.0031514285714285715 74.72746177662646
0.0499566925129382 0.003188571428571429 78.39989496220414
0.0499566925129382 0.0032257142857142857 82.09496245828348
0.0499566925129382 0.003262857142857143 85.80493505748109
0.0499566925129382 0.0033 89.52195019245858
0.052216918314339375 0.0020371428571428567 1.3538047770378512
0.052216918314339375 0.0020742857142857143 2.1992796177811442
0.052216918314339375 0.0021114285714285714 3.187733666398742
0.052216918314339375 0.0021485714285714285 4.3164937381035315
0.052216918314339375 0.0021857142857142856 5.582981165077342
0.052216918314339375 0.0022228571428571427 6.984711590981362
0.052216918314339375 0.00226 8.519288597168725
0.052216918314339375 0.002297142857142857 10.184391578533678
0.052216918314339375 0.002334285714285714 11.977758374011046
0.052216918314339375 0.002371428571428572 13.897163233677986
0.052216918314339375 0.0024085714285714288 15.940390770275428
0.052216918314339375 0.0024457142857142854 18.10520659689098
0.052216918314339375 0.002482857142857143 20.3893253939425
0.052216918314339375 0.00252 22.790377177034145
0.052216918314339375 0.0025571428571428572 25.305872552552216
0.052216918314339375 0.0025942857142857143 27.933167749999825
0.052216918314339375 0.0026314285714285715 30.669430209306825
0.052216918314339375 0.002668571428571429 33.511605478047386
0.052216918314339375 0.0027057142857142857 36.45638613834507
0.052216918314339375 0.002742857142857143 39.50018343696229
0.052216918314339375 0.00278 42.63910223564483
0.052216918314339375 0.002817142857142857 45.868919833340726
0.052216918314339375 0.0028542857142857146 49.18506913862012
0.052216918314339375 0.0028914285714285717 52.582626590861594
0.052216918314339375 0.002928571428571429 56.056305143924305
0.052216918314339375 0.0029657142857142855 59.600452537571414
0.052216918314339375 0.003002857142857143 63.20905499135927
0.052216918314339375 0.00304 66.87574636455759
0.052216918314339375 0.003077142857142857 70.59382273539109
0.052216918314339375 0.0031142857142857144 74.35626226498164
0.052216918314339375 0.0031514285714285715 78.1557501271667
0.052216918314339375 0.003188571428571429 81.98470820616876
0.052216918314339375 0.0032257142857142857 85.8353291911368
0.052216918314339375 0.003262857142857143 89.6996146308336
0.052216918314339375 0.0033 93.56941645425866
0.054524337777910804 0.0020371428571428567 0.5418309106187849
0.054524337777910804 0.0020742857142857143 1.5404862044066476
0.054524337777910804 0.0021114285714285714 2.683762129814454
0.054524337777910804 0.0021485714285714285 3.9686590027251896
0.054524337777910804 0.0021857142857142856 5.392312169384013
0.054524337777910804 0.0022228571428571427 6.951991641564234
0.054524337777910804 0.00226 8.645094893922249
0.054524337777910804 0.002297142857142857 10.469133279846119
0.054524337777910804 0.002334285714285714 12.421712617630646
0.054524337777910804 0.002371428571428572 14.500508583378519
0.054524337777910804 0.0024085714285714288 16.703237619466393
0.054524337777910804 0.0024457142857142854 19.02762412687008
0.054524337777910804 0.002482857142857143 21.471364755399065
0.054524337777910804 0.00252 24.032090637517967
0.054524337777910804 0.0025571428571428572 26.707328428676135
0.054524337777910804 0.0025942857142857143 29.494461019960795
0.054524337777910804 0.0026314285714285715 32.39068877763168
0.054524337777910804 0.002668571428571429 35.392992139172804
0.054524337777910804 0.0027057142857142857 38.49809635753701
0.054524337777910804 0.002742857142857143 41.702439135140764
0.054524337777910804 0.00278 45.00214182792911
0.054524337777910804 0.002817142857142857 48.39298482864632
0.054524337777910804 0.0028542857142857146 51.870387658677885
0.054524337777910804 0.0028914285714285717 55.429394210925295
0.054524337777910804 0.002928571428571429 59.064663493639955
0.054524337777910804 0.0029657142857142855 62.77046612864194
0.054524337777910804 0.003002857142857143 66.54068675844508
0.054524337777910804 0.00304 70.36883241722887
0.054524337777910804 0.003077142857142857 74.24804682191359
0.054524337777910804 0.0031142857142857144 78.17113044338396
0.054524337777910804 0.0031514285714285715 82.1305661257685
0.054524337777910804 0.003188571428571429 86.11854993489226
0.054524337777910804 0.0032257142857142857 90.12702683704867
0.054524337777910804 0.003262857142857143 94.14773073707522
0.054524337777910804 0.0033 98.17222834156553
0.056878707715423436 0.0020371428571428567 0.08291171909729655
0.056878707715423436 0.0020742857142857143 1.2482034398514656
0.056878707715423436 0.0021114285714285714 2.5593796912621656
0.056878707715423436 0.0021485714285714285 4.013088641786794
0.056878707715423436 0.0021857142857142856 5.606158064138242
0.056878707715423436 0.0022228571428571427 7.335594804071718
0.056878707715423436 0.00226 9.198576692295433
0.056878707715423436 0.002297142857142857 11.192437396536775
0.056878707715423436 0.002334285714285714 13.314644815412407
0.056878707715423436 0.002371428571428572 15.562773708457314
0.056878707715423436 0.0024085714285714288 17.934473336199915
0.056878707715423436 0.0024457142857142854 20.42743094954932
0.056878707715423436 0.002482857142857143 23.03933201824367
0.056878707715423436 0.00252 25.76781812317597
0.056878707715423436 0.0025571428571428572 28.610443456804433
0.056878707715423436 0.0025942857142857143 31.564630879605318
0.056878707715423436 0.0026314285714285715 34.62762846880196
0.056878707715423436 0.002668571428571429 37.79646746898885
0.056878707715423436 0.0027057142857142857 41.06792251336998
0.056878707715423436 0.002742857142857143 44.43847493016989
0.056878707715423436 0.00278 47.90427988241021
0.056878707715423436 0.002817142857142857 51.46113801200676
0.056878707715423436 0.0028542857142857146 55.10447217247241
0.056878707715423436 0.0028914285714285717 58.82930973999004
0.056878707715423436 0.002928571428571429 62.6302708919269
0.056878707715423436 0.0029657142857142855 66.50156313672358
0.056878707715423436 0.003002857142857143 70.43698227134132
0.056878707715423436 0.00304 74.42991983381023
0.056878707715423436 0.003077142857142857 78.47337701075207
0.056878707715423436 0.0031142857142857144 82.55998485471878
0.056878707715423436 0.0031514285714285715 86.68203056547566
0.056878707715423436 0.003188571428571429 90.83148949450913
0.056878707715423436 0.0032257142857142857 95.00006244449469
0.056878707715423436 0.003262857142857143 99.17921775646516
0.056878707715423436 0.0033 103.36023760812975
0.05927977999034861 0.0020371428571428567 0.0
0.05927977999034861 0.0020742857142857143 1.3460205816966777
0.05927977999034861 0.0021114285714285714 2.8387867947442373
0.05927977999034861 0.0021485714285714285 4.474567794285576
0.05927977999034861 0.0021857142857142856 6.249861173073953
0.05927977999034861 0.0022228571428571427 8.161392257884529
0.05927977999034861 0.00226 10.206105078186397
0.05927977999034861 0.002297142857142857 12.381145547256438
0.05927977999034861 0.002334285714285714 14.683837510276419
0.05927977999034861 0.002371428571428572 17.111652415378842
0.05927977999034861 0.0024085714285714288 19.66217345074233
0.05927977999034861 0.0024457142857142854 22.333055062578637
0.05927977999034861 0.002482857142857143 25.121978824430983
0.05927977999034861 0.00252 28.026606666978807
0.05927977999034861 0.0025571428571428572 31.044532499317086
0.05927977999034861 0.0025942857142857143 34.1732332573373
0.05927977999034861 0.0026314285714285715 37.41002040274299
0.05927977999034861 0.002668571428571429 40.75199286778911
0.05927977999034861 0.0027057142857142857 44.19599239693082
0.05927977999034861 0.002742857142857143 47.73856217807395
0.05927977999034861 0.00278 51.375909584373176
0.05927977999034861 0.002817142857142857 55.1038737638583
0.05927977999034861 0.0028542857142857146 58.91789872015312
0.05927977999034861 0.0028914285714285717 62.813012424969884
0.05927977999034861 0.002928571428571429 66.78381239365683
0.05927977999034861 0.0029657142857142855 70.82445804077463
0.05927977999034861 0.003002857142857143 74.92867001544516
0.05927977999034861 0.00304 79.08973659798312
0.05927977999034861 0.003077142857142857 83.30052712201245
0.05927977999034861 0.0031142857142857144 87.55351227181711
0.05927977999034861 0.0031514285714285715 91.84079099483483
0.05927977999034861 0.003188571428571429 96.15412366569001
0.05927977999034861 0.0032257142857142857 100.48497104254477
0.05927977999034861 0.003262857142857143 104.82453847019929
0.05927977999034861 0.0033 109.16382470853159
0.06172730154401036 0.0020371428571428567 0.31640548699368765
0.06172730154401036 0.0020742857142857143 1.8578950628955795
0.06172730154401036 0.0021114285714285714 3.546562941259083
0.06172730154401036 0.0021485714285714285 5.378271153105288
0.06172730154401036 0.0021857142857142856 7.349163462220304
0.06172730154401036 0.0022228571428571427 9.455664484410477
0.06172730154401036 0.00226 11.694469654043417
0.06172730154401036 0.002297142857142857 14.062526623705594
0.06172730154401036 0.002334285714285714 16.557008807595878
0.06172730154401036 0.002371428571428572 19.1752818900045
0.06172730154401036 0.0024085714285714288 21.914864215506555
0.06172730154401036 0.0024457142857142854 24.773382056077878
0.06172730154401036 0.002482857142857143 27.748520811377944
0.06172730154401036 0.00252 30.8379732412576
0.06172730154401036 0.0025571428571428572 34.03938585385879
0.06172730154401036 0.0025942857142857143 37.35030457844823
0.06172730154401036 0.0026314285714285715 40.768120839595724
0.06172730154401036 0.002668571428571429 44.29001911907886
0.06172730154401036 0.0027057142857142857 47.912927044741366
0.06172730154401036 0.002742857142857143 51.63346898257788
0.06172730154401036 0.00278 55.447924030818854
0.06172730154401036 0.002817142857142857 59.352189224325855
0.06172730154401036 0.0028542857142857146 63.34174865586283
0.06172730154401036 0.0028914285714285717 67.41164910958844
0.06172730154401036 0.002928571428571429 71.55648268350592
0.06172730154401036 0.0029657142857142855 75.77037675354961
0.06172730154401036 0.003002857142857143 80.0469915046557
0.06172730154401036 0.00304 84.3795251257136
0.06172730154401036 0.003077142857142857 88.76072663771595
0.06172730154401036 0.0031142857142857144 93.18291619993556
0.06172730154401036 0.0031514285714285715 97.63801261934407
0.06172730154401036 0.003188571428571429 102.11756767575298
0.06172730154401036 0.0032257142857142857 106.61280677089701
0.06172730154401036 0.003262857142857143 111.11467531543963
0.06172730154401036 0.0033 115.61389018507282
0.06422101442225613 0.0020371428571428567 1.0557861673743218
0.06422101442225613 0.0020742857142857143 2.8081436417499503
0.06422101442225613 0.0021114285714285714 4.70765768288129
0.06422101442225613 0.0021485714285714285 6.749753814811129
0.06422101442225613 0.0021857142857142856 8.930197256962117
0.06422101442225613 0.0022228571428571427 11.245091862845925
0.06422101442225613 0.00226 13.690869024594463
0.06422101442225613 0.002297142857142857 16.264267177407135
0.06422101442225613 0.002334285714285714 18.96230267386312
0.06422101442225613 0.002371428571428572 21.782232918753948
0.06422101442225613 0.0024085714285714288 24.72151275905361
0.06422101442225613 0.0024457142857142854 27.777745209563648
0.06422101442225613 0.002482857142857143 30.948627661662442
0.06422101442225613 0.00252 34.23189476975091
0.06422101442225613 0.0025571428571428572 37.62525923709393
0.06422101442225613 0.0025942857142857143 41.12635172970528
0.06422101442225613 0.0026314285714285715 44.732661134089255
0.06422101442225613 0.002668571428571429 48.44147634249248
0.06422101442225613 0.0027057142857142857 52.249830698845585
0.06422101442225613 0.002742857142857143 56.15445017086796
0.06422101442225613 0.00278 60.1517062302745
0.06422101442225613 0.002817142857142857 64.23757432539708
0.06422101442225613 0.0028542857142857146 68.4075987205157
0.06422101442225613 0.0028914285714285717 72.65686435594421
0.06422101442225613 0.002928571428571429 76.97997625443384
0.06422101442225613 0.0029657142857142855 81.37104686509008
0.06422101442225613 0.003002857142857143 85.82369159792802
0.06422101442225613 0.00304 90.3310326628548
0.06422101442225613 0.003077142857142857 94.88571118838547
0.06422101442225613 0.0031142857142857144 99.47990746016865
0.06422101442225613 0.0031514285714285715 104.10536898943599
0.06422101442225613 0.003188571428571429 108.75344599883931
0.06422101442225613 0.0032257142857142857 113.41513379970377
0.06422101442225613 0.003262857142857143 118.0811214320563
0.06422101442225613 0.0033 122.74184584846444
0.0667606558026437 0.0020371428571428567 2.2421394299987583
0.0667606558026437 0.0020742857142857143 4.221433377866447
0.0667606558026437 0.0021114285714285714 6.347381438575667
0.0667606558026437 0.0021485714285714285 8.614941947140267
0.0667606558026437 0.0021857142857142856 11.019475772978637
0.0667606558026437 0.0022228571428571427 13.55674507621245
0.0667606558026437 0.00226 16.22290108947675
0.0667606558026437 0.002297142857142857 19.014461610218632
0.0667606558026437 0.002334285714285714 21.92827903614881
0.0667606558026437 0.002371428571428572 24.961499907833513
0.0667606558026437 0.0024085714285714288 28.111517035655197
0.0667606558026437 0.0024457142857142854 31.375915382148264
0.0667606558026437 0.002482857142857143 34.75241294388189
0.0667606558026437 0.00252 38.23879792892279
0.0667606558026437 0.0025571428571428572 41.83286355602286
0.0667606558026437 0.0025942857142857143 45.53234181000846
0.0667606558026437 0.0026314285714285715 49.33483747466278
0.0667606558026437 0.002668571428571429 53.23776373034599
0.0667606558026437 0.0027057142857142857 57.23828054959705
0.0667606558026437 0.002742857142857143 61.33323705127964
0.0667606558026437 0.00278 65.51911888397444
0.0667606558026437 0.002817142857142857 69.79200160407072
0.0667606558026437 0.0028542857142857146 74.14751089533138
0.0667606558026437 0.0028914285714285717 78.5807903467985
0.0667606558026437 0.002928571428571429 83.0864773670487
0.0667606558026437 0.0029657142857142855 87.65868766743813
0.0667606558026437 0.003002857142857143 92.29100859756238
0.0667606558026437 0.00304 96.97650146520039
0.0667606558026437 0.003077142857142857 101.70771282297517
0.0667606558026437 0.0031142857142857144 106.47669455730409
0.0667606558026437 0.0031514285714285715 111.27503247419429
0.0667606558026437 0.003188571428571429 116.09388294328448
0.0667606558026437 0.0032257142857142857 120.92401703825544
0.0667606558026437 0.003262857142857143 125.7558715000821
0.0667606558026437 0.0033 130.579605751283
0.06934595802214097 0.0020371428571428567 3.8997930447018803
0.06934595802214097 0.0020742857142857143 6.1227724350995345
0.06934595802214097 0.0021114285714285714 8.491396132685281
0.06934595802214097 0.0021485714285714285 11.000123275083752
0.06934595802214097 0.0021857142857142856 13.643883461893381
0.06934595802214097 0.0022228571428571427 16.418075328447628
0.06934595802214097 0.00226 19.318553143476493
0.06934595802214097 0.002297142857142857 22.341602169235443
0.06934595802214097 0.002334285714285714 25.483903682955713
0.06934595802214097 0.002371428571428572 28.742490701072768
0.06934595802214097 0.0024085714285714288 32.11469557088532
0.06934595802214097 0.0024457142857142854 35.598090696391125
0.06934595802214097 0.002482857142857143 39.190423745021064
0.06934595802214097 0.00252 42.88954873882193
0.06934595802214097 0.0025571428571428572 46.69335446709442
0.06934595802214097 0.0025942857142857143 50.59969166727075
0.06934595802214097 0.0026314285714285715 54.606300407438425
0.06934595802214097 0.002668571428571429 58.710739067845736
0.06934595802214097 0.0027057142857142857 62.910316261092476
0.06934595802214097 0.002742857142857143 67.2020269528283
0.06934595802214097 0.00278 71.58249394822394
0.06934595802214097 0.002817142857142857 76.04791579623623
0.06934595802214097 0.0028542857142857146 80.59402203583045
0.06934595802214097 0.0028914285714285717 85.21603656823163
0.06934595802214097 0.002928571428571429 89.90864978941988
0.06934595802214097 0.0029657142857142855 94.66599996007028
0.06934595802214097 0.003002857142857143 99.48166412868159
0.06934595802214097 0.00304 104.34865876036622
0.06934595802214097 0.003077142857142857 109.25945006147242
0.06934595802214097 0.0031142857142857144 114.20597383136305
0.06934595802214097 0.0031514285714285715 119.17966451996665
0.06934595802214097 0.003188571428571429 124.17149302532312
0.06934595802214097 0.0032257142857142857 129.17201263160484
0.06934595802214097 0.003262857142857143 134.1714123669076
0.06934595802214097 0.0033 139.15957695315444
0.07197664860533624 0.0020371428571428567 6.053395974281898
0.07197664860533624 0.0020742857142857143 8.537500712503288
0.07197664860533624 0.0021114285714285714 11.165705657082981
0.07197664860533624 0.0021485714285714285 13.93193738647983
0.07197664860533624 0.0021857142857142856 16.83066617250779
0.07197664860533624 0.0022228571428571427 19.85690437336399
0.07197664860533624 0.00226 23.00619178513989
0.07197664860533624 0.002297142857142857 26.274568746786883
0.07197664860533624 0.002334285714285714 29.658537967093537
0.07197664860533624 0.002371428571428572 33.15501619693572
0.07197664860533624 0.0024085714285714288 36.76127700375014
0.07197664860533624 0.0024457142857142854 40.474886016269124
0.07197664860533624 0.002482857142857143 44.29363009470211
0.07197664860533624 0.00252 48.21544194381704
0.07197664860533624 0.0025571428571428572 52.23832172335409
0.07197664860533624 0.0025942857142857143 56.360257221704785
0.07197664860533624 0.0026314285714285715 60.57914414516415
0.07197664860533624 0.002668571428571429 64.89270803701311
0.07197664860533624 0.0027057142857142857 69.29842927925529
0.07197664860533624 0.002742857142857143 73.7934725464903
0.07197664860533624 0.00278 78.37462197782588
0.07197664860533624 0.002817142857142857 83.03822321108805
0.07197664860533624 0.0028542857142857146 87.78013328601878
0.07197664860533624 0.0028914285714285717 92.59567927232513
0.07197664860533624 0.002928571428571429 97.47962631694588
0.07197664860533624 0.0029657142857142855 102.42615563559048
0.07197664860533624 0.003002857142857143 107.42885279934865
0.07197664860533624 0.00304 112.4807064909038
0.07197664860533624 0.003077142857142857 117.57411772949717
0.07197664860533624 0.0031142857142857144 122.7009193921175
0.07197664860533624 0.0031514285714285715 127.8524056931202
0.07197664860533624 0.003188571428571429 133.01937112826113
0.07197664860533624 0.0032257142857142857 138.1921582442145
0.07197664860533624 0.003262857142857143 143.36071346324297
0.07197664860533624 0.0033 148.5146500766532
0.07465245029315536 0.0020371428571428567 8.72790902018454
0.07465245029315536 0.0020742857142857143 11.491280304376517
0.07465245029315536 0.0021114285714285714 14.396646158011151
0.07465245029315536 0.0021485714285714285 17.43736585809529
0.07465245029315536 0.0021857142857142856 20.607421128534043
0.07465245029315536 0.0022228571428571427 23.90141435632961
0.07465245029315536 0.00226 27.314552634551887
0.07465245029315536 0.002297142857142857 30.84261848625073
0.07465245029315536 0.002334285714285714 34.48192831125846
0.07465245029315536 0.002371428571428572 38.22927976531844
0.07465245029315536 0.0024085714285714288 42.081889425908514
0.07465245029315536 0.0024457142857142854 46.03732221973951
0.07465245029315536 0.002482857142857143 50.093414181752735
0.07465245029315536 0.00252 54.24819018354236
0.07465245029315536 0.0025571428571428572 58.49977830992668
0.07465245029315536 0.0025942857142857143 62.84632257574992
0.07465245029315536 0.0026314285714285715 67.28589566127948
0.07465245029315536 0.002668571428571429 71.81641330441312
0.07465245029315536 0.0027057142857142857 76.43555192259112
0.07465245029315536 0.002742857142857143 81.14067094820916
0.07465245029315536 0.00278 85.9287412504525
0.07465245029315536 0.002817142857142857 90.79628088589504
0.07465245029315536 0.0028542857142857146 95.73929927251618
0.07465245029315536 0.0028914285714285717 100.75325071955479
0.07465245029315536 0.002928571428571429 105.83299807188189
0.07465245029315536 0.0029657142857142855 110.97278704522523
0.07465245029315536 0.003002857142857143 116.16623164082773
0.07465245029315536 0.00304 121.40631083805613
0.07465245029315536 0.003077142857142857 126.68537657425838
0.07465245029315536 0.0031142857142857144 131.99517283585567
0.07465245029315536 0.0031514285714285715 137.32686550613198
0.07465245029315536 0.003188571428571429 142.6710824463055
0.07465245029315536 0.0032257142857142857 148.01796312974352
0.07465245029315536 0.003262857142857143 153.35721700691033
0.07465245029315536 0.0033 158.67818965290246
0.07737308107208318 0.0020371428571428567 11.948595303048023
0.07737308107208318 0.0020742857142857143 15.010085790519327
0.07737308107208318 0.0021114285714285714 18.210876148670934
0.07737308107208318 0.0021485714285714285 21.54372220321187
0.07737308107208318 0.0021857142857142856 25.002086723785
0.07737308107208318 0.0022228571428571427 28.58013746958011
0.07737308107208318 0.00226 32.27272986111973
0.07737308107208318 0.002297142857142857 36.07537519447999
0.07737308107208318 0.002334285714285714 39.98419551702153
0.07737308107208318 0.002371428571428572 43.9958664647865
0.07737308107208318 0.0024085714285714288 48.10754951856518
0.07737308107208318 0.0024457142857142854 52.316815266422736
0.07737308107208318 0.002482857142857143 56.621559363527865
0.07737308107208318 0.00252 61.01991295446953
0.07737308107208318 0.0025571428571428572 65.51014936815898
0.07737308107208318 0.0025942857142857143 70.09058891089182
0.07737308107208318 0.0026314285714285715 74.7595035693081
0.07737308107208318 0.002668571428571429 79.51502339282797
0.07737308107208318 0.0027057142857142857 84.35504625567444
0.07737308107208318 0.002742857142857143 89.27715260361367
0.07737308107208318 0.00278 94.27852667188574
0.07737308107208318 0.002817142857142857 99.3558855209775
0.07737308107208318 0.0028542857142857146 104.50541707841433
0.07737308107208318 0.0028914285714285717 109.72272820063063
0.07737308107208318 0.002928571428571429 115.00280358220402
0.07737308107208318 0.0029657142857142855 120.33997614372458
0.07737308107208318 0.003002857142857143 125.72790932749558
0.07737308107208318 0.00304 131.1595915256304
0.07737308107208318 0.003077142857142857 136.62734266125142
0.07737308107208318 0.0031142857142857144 142.12283274372828
0.07737308107208318 0.0031514285714285715 147.6371120263051
0.07737308107208318 0.003188571428571429 153.16065221222186
0.07737308107208318 0.0032257142857142857 158.68339798608974
0.07737308107208318 0.003262857142857143 164.19482799351726
0.07737308107208318 0.0033 169.68402425588476
0.08013825420388601 0.0020371428571428567 15.741010579332738
0.08013825420388601 0.0020742857142857143 19.120194357868627
0.08013825420388601 0.0021114285714285714 22.635366448687705
0.08013825420388601 0.0021485714285714285 26.278641641769866
0.08013825420388601 0.0021857142857142856 30.042932135822298
0.08013825420388601 0.0022228571428571427 33.92194542209103
0.08013825420388601 0.00226 37.91016552224738
0.08013825420388601 0.002297142857142857 42.00281856164753
0.08013825420388601 0.002334285714285714 46.19582387799994
0.08013825420388601 0.002371428571428572 50.48573206095688
0.08013825420388601 0.0024085714285714288 54.86965148767598
0.08013825420388601 0.0024457142857142854 59.34516506097145
0.08013825420388601 0.002482857142857143 63.91023896851391
0.08013825420388601 0.00252 68.56312536251778
0.08013825420388601 0.0025571428571428572 73.30226090878716
0.08013825420388601 0.0025942857142857143 78.12616317167897
0.08013825420388601 0.0026314285714285715 83.03332678781021
0.08013825420388601 0.002668571428571429 88.02212133702074
0.08013825420388601 0.0027057142857142857 93.09069274546584
0.08013825420388601 0.002742857142857143 98.23686995446826
0.08013825420388601 0.00278 103.45807846209539
0.08013825420388601 0.002817142857142857 108.75126219479318
0.08013825420388601 0.0028542857142857146 114.11281499669883
0.08013825420388601 0.0028914285714285717 119.53852283751792
0.08013825420388601 0.002928571428571429 125.02351763946729
0.08013825420388601 0.0029657142857142855 130.56224341325924
0.08013825420388601 0.003002857142857143 136.14843517594431
0.08013825420388601 0.00304 141.77511090342875
0.08013825420388601 0.003077142857142857 147.4345765511083
0.08013825420388601 0.0031142857142857144 153.11844396100344
0.08013825420388601 0.0031514285714285715 158.8176612663401
0.08013825420388601 0.003188571428571429 164.52255520802873
0.08013825420388601 0.0032257142857142857 170.22288459484423
0.08013825420388601 0.003262857142857143 175.90790397309434
0.08013825420388601 0.0033 181.56643642448228
0.0829476782558325 0.0020371428571428567 20.130993395285316
0.0829476782558325 0.0020742857142857143 23.848175754721126
0.0829476782558325 0.0021114285714285714 27.697389951600485
0.0829476782558325 0.0021485714285714285 31.670070694181334
0.0829476782558325 0.0021857142857142856 35.758546759117394
0.0829476782558325 0.0022228571428571427 39.956038725017095
0.0829476782558325 0.00226 44.25663871383392
0.0829476782558325 0.002297142857142857 48.65527318939519
0.0829476782558325 0.002334285714285714 53.147650098005954
0.0829476782558325 0.002371428571428572 57.73019184675002
0.0829476782558325 0.0024085714285714288 62.3999557981341
0.0829476782558325 0.0024457142857142854 67.1545441127405
0.0829476782558325 0.002482857142857143 71.99200489273323
0.0829476782558325 0.00252 76.91072666720254
0.0829476782558325 0.0025571428571428572 81.90932831454529
0.0829476782558325 0.0025942857142857143 86.98654653728602
0.0829476782558325 0.0026314285714285715 92.14112299115754
0.0829476782558325 0.002668571428571429 97.37169312382014
0.0829476782558325 0.0027057142857142857 102.67667870060416
0.0829476782558325 0.002742857142857143 108.05418588695045
0.0829476782558325 0.00278 113.50191062214355
0.0829476782558325 0.002817142857142857 119.01705285905894
0.0829476782558325 0.0028542857142857146 124.5962410630824
0.0829476782558325 0.0028914285714285717 130.2354681634423
0.0829476782558325 0.002928571428571429 135.9300399354005
0.0829476782558325 0.0029657142857142855 141.674536565984
0.0829476782558325 0.003002857142857143 147.4627879228666
0.0829476782558325 0.00304 153.28786280977238
0.0829476782558325 0.003077142857142857 159.14207225601854
0.0829476782558325 0.0031142857142857144 165.0169866566074
0.0829476782558325 0.0031514285714285715 170.9034663561048
0.0829476782558325 0.003188571428571429 176.7917050579755
0.0829476782558325 0.0032257142857142857 182.67128524430711
0.0829476782558325 0.003262857142857143 188.53124461181517
0.0829476782558325 0.0033 194.36015237130152
0.08580105713140834 0.0020371428571428567 25.144655079553843
0.08580105713140834 0.0020742857142857143 29.220882078806767
0.08580105713140834 0.0021114285714285714 33.424511221589285
0.08580105713140834 0.0021485714285714285 37.74625659996207
0.08580105713140834 0.0021857142857142856 42.17782945881402
0.08580105713140834 0.0022228571428571427 46.71193579372539
0.08580105713140834 0.00226 51.34225453356504
0.08580105713140834 0.002297142857142857 56.06339742818312
0.08580105713140834 0.002334285714285714 60.87085201502589
0.08580105713140834 0.002371428571428572 65.76090926530833
0.08580105713140834 0.0024085714285714288 70.73057770766866
0.08580105713140834 0.0024457142857142854 75.77748599240556
0.08580105713140834 0.002482857142857143 80.89977599056317
0.08580105713140834 0.00252 86.09598861782968
0.08580105713140834 0.0025571428571428572 91.36494463266797
0.08580105713140834 0.0025942857142857143 96.70562268099809
0.08580105713140834 0.0026314285714285715 102.11703684646898
0.08580105713140834 0.002668571428571429 107.59811591675395
0.08580105713140834 0.0027057142857142857 113.14758649383782
0.08580105713140834 0.002742857142857143 118.76386196182943
0.08580105713140834 0.00278 124.44493918196633
0.08580105713140834 0.002817142857142857 130.18830461386722
0.08580105713140834 0.0028542857142857146 135.99085136814983
0.08580105713140834 0.0028914285714285717 141.84880848169394
0.08580105713140834 0.002928571428571429 147.7576834769652
0.08580105713140834 0.0029657142857142855 153.7122190249239
0.08580105713140834 0.003002857142857143 159.7063642813149
0.08580105713140834 0.00304 165.73326121263926
0.08580105713140834 0.003077142857142857 171.78524597521118
0.08580105713140834 0.0031142857142857144 177.85386516233598
0.08580105713140834 0.0031514285714285715 183.92990649488536
0.08580105713140834 0.003188571428571429 190.00344330303642
0.08580105713140834 0.0032257142857142857 196.06389193527082
0.08580105713140834 0.003262857142857143 202.10008103790244
0.08580105713140834 0.0033 208.1003314773186
0.0886980901015235 0.0020371428571428567 30.808369575799702
0.0886980901015235 0.0020742857142857143 35.265437400513974
0.0886980901015235 0.0021114285714285714 39.84457592069623
0.0886980901015235 0.0021485714285714285 44.53573656238632
0.0886980901015235 0.0021857142857142856 49.329977646241844
0.0886980901015235 0.0022228571428571427 54.21946186750927
0.0886980901015235 0.00226 59.1974328580323
0.0886980901015235 0.002297142857142857 64.25817202481835
0.0886980901015235 0.002334285714285714 69.39693713193662
0.0886980901015235 0.002371428571428572 74.60988433642285
0.0886980901015235 0.0024085714285714288 79.8939756012121
0.0886980901015235 0.0024457142857142854 85.2468735862434
0.0886980901015235 0.002482857142857143 90.6668262605873
0.0886980901015235 0.00252 96.15254358230993
0.0886980901015235 0.0025571428571428572 101.70306865778343
0.0886980901015235 0.0025942857142857143 107.31764581806044
0.0886980901015235 0.0026314285714285715 112.995588037056
0.0886980901015235 0.002668571428571429 118.73614606554077
0.0886980901015235 0.0027057142857142857 124.53838156783411
0.0886980901015235 0.002742857142857143 130.40104642673236
0.0886980901015235 0.00278 136.32247022910235
0.0886980901015235 0.002817142857142857 142.30045776281838
0.0886980901015235 0.0028542857142857146 148.33219814874985
0.0886980901015235 0.0028914285714285717 154.41418700310237
0.0886980901015235 0.002928571428571429 160.5421627796867
0.0886980901015235 0.0029657142857142855 166.71105818292529
0.0886980901015235 0.003002857142857143 172.91496727499032
0.0886980901015235 0.00304 179.1471286289908
0.0886980901015235 0.003077142857142857 185.399924608976
0.0886980901015235 0.0031142857142857144 191.66489659117258
0.0886980901015235 0.0031514285714285715 197.9327756835113
0.0886980901015235 0.003188571428571429 204.19352825623093
0.0886980901015235 0.0032257142857142857 210.43641536877863
0.0886980901015235 0.003262857142857143 216.6500649708869
0.0886980901015235 0.0033 222.8225555714655
0.09163847183620713 0.0020371428571428567 37.148763116721625
0.09163847183620713 0.0020742857142857143 42.009227222628226
0.09163847183620713 0.0021114285714285714 46.98570006784183
0.09163847183620713 0.0021485714285714285 52.06732682041252
0.09163847183620713 0.0021857142857142856 57.24447617737775
0.09163847183620713 0.0022228571428571427 62.5087377481251
0.09163847183620713 0.00226 67.85289693474977
0.09163847183620713 0.002297142857142857 73.27088858116849
0.09163847183620713 0.002334285714285714 78.75773095490342
0.09163847183620713 0.002371428571428572 84.30944188733872
0.09163847183620713 0.0024085714285714288 89.92293912657578
0.09163847183620713 0.0024457142857142854 95.5959271488199
0.09163847183620713 0.002482857142857143 101.32677282717202
0.09163847183620713 0.00252 107.11437246921275
0.09163847183620713 0.0025571428571428572 112.95801280576143
0.09163847183620713 0.0025942857142857143 118.85722854237008
0.09163847183620713 0.0026314285714285715 124.81165907279444
0.09163847183620713 0.002668571428571429 130.82090690076984
0.09163847183620713 0.0027057142857142857 136.88440022463146
0.09163847183620713 0.002742857142857143 143.00126201067246
0.09163847183620713 0.00278 149.17018771850076
0.09163847183620713 0.002817142857142857 155.389333648214
0.09163847183620713 0.0028542857142857146 161.65621765862318
0.09163847183620713 0.0028914285714285717 167.9676337620789
0.09163847183620713 0.002928571428571429 174.31958183909353
0.09163847183620713 0.0029657142857142855 180.70721343941
0.09163847183620713 0.003002857142857143 187.12479435023897
0.09163847183620713 0.00304 193.56568432189863
0.09163847183620713 0.003077142857142857 200.02233405077448
0.09163847183620713 0.0031142857142857144 206.48629923416513
0.09163847183620713 0.0031514285714285715 212.94827123571883
0.09163847183620713 0.003188571428571429 219.3981236380746
0.09163847183620713 0.0032257142857142857 225.82497371511636
0.09163847183620713 0.003262857142857143 232.2172576333951
0.09163847183620713 0.0033 238.56281799423425
0.0946218924367875 0.0020371428571428567 44.19270374092906
0.0946218924367875 0.0020742857142857143 49.479887777989575
0.0946218924367875 0.0021114285714285714 54.87625913099538
0.0946218924367875 0.0021485714285714285 60.37011154919162
0.0946218924367875 0.0021857142857142856 65.95108607549957
0.0946218924367875 0.0022228571428571427 71.61016835834187
0.0946218924367875 0.00226 77.3396617901999
0.0946218924367875 0.002297142857142857 83.13313782513012
0.0946218924367875 0.002334285714285714 88.98536514046441
0.0946218924367875 0.002371428571428572 94.89221958889232
0.0946218924367875 0.0024085714285714288 100.85057713228366
0.0946218924367875 0.0024457142857142854 106.85819215489971
0.0946218924367875 0.002482857142857143 112.91356371851793
0.0946218924367875 0.00252 119.0157924437301
0.0946218924367875 0.0025571428571428572 125.16443077909162
0.0946218924367875 0.0025942857142857143 131.35932945253728
0.0946218924367875 0.0026314285714285715 137.60048288787698
0.0946218924367875 0.002668571428571429 143.8878763141655
0.0946218924367875 0.0027057142857142857 150.2213371990464
0.0946218924367875 0.002742857142857143 156.60039350109628
0.0946218924367875 0.00278 163.0241410635805
0.0946218924367875 0.002817142857142857 169.49112226641182
0.0946218924367875 0.0028542857142857146 175.999217818268
0.0946218924367875 0.0028914285714285717 182.54555331118513
0.0946218924367875 0.002928571428571429 189.12642188011557
0.0946218924367875 0.0029657142857142855 195.73722401474004
0.0946218924367875 0.003002857142857143 202.37242526548062
0.0946218924367875 0.00304 209.02553227511828
0.0946218924367875 0.003077142857142857 215.68908725699328
0.0946218924367875 0.0031142857142857144 222.35468073537209
0.0946218924367875 0.0031514285714285715 229.01298206818558
0.0946218924367875 0.003188571428571429 235.65378699151188
0.0946218924367875 0.0032257142857142857 242.2660811632952
0.0946218924367875 0.003262857142857143 248.83811844466436
0.0946218924367875 0.0033 255.35751244446521
0.09764803746855337 0.0020371428571428567 51.967290654194414
0.09764803746855337 0.0020742857142857143 57.70529516652908
0.09764803746855337 0.0021114285714285714 63.544876953918106
0.09764803746855337 0.0021485714285714285 69.47343159050308
0.09764803746855337 0.0021857142857142856 75.47983307933396
0.09764803746855337 0.0022228571428571427 81.55443112173111
0.09764803746855337 0.00226 87.68902245509116
0.09764803746855337 0.002297142857142857 93.8767976949731
0.09764803746855337 0.002334285714285714 100.11226545235729
0.09764803746855337 0.002371428571428572 106.39115579796169
0.09764803746855337 0.0024085714285714288 112.71030540851268
0.09764803746855337 0.0024457142857142854 119.06752695142893
0.09764803746855337 0.002482857142857143 125.4614654419513
0.09764803746855337 0.00252 131.89144443826842
0.09764803746855337 0.0025571428571428572 138.35730502447666
0.09764803746855337 0.0025942857142857143 144.85924056790043
0.09764803746855337 0.0026314285714285715 151.39763022647105
0.09764803746855337 0.002668571428571429 157.9728741248756
0.09764803746855337 0.0027057142857142857 164.58523301640946
0.09764803746855337 0.002742857142857143 171.23467510373553
0.09764803746855337 0.00278 177.9207325087607
0.09764803746855337 0.002817142857142857 184.64236966349608
0.09764803746855337 0.0028542857142857146 191.39786564414828
0.09764803746855337 0.0028914285714285717 198.18471219422463
0.09764803746855337 0.002928571428571429 204.999528884386
0.09764803746855337 0.0029657142857142855 211.83799654203915
0.09764803746855337 0.003002857142857143 218.6948097578412
0.09764803746855337 0.00304 225.56364894479998
0.09764803746855337 0.003077142857142857 232.43717209398028
0.09764803746855337 0.0031142857142857144 239.30702604439261
0.09764803746855337 0.0031514285714285715 246.16387676869317
0.09764803746855337 0.003188571428571429 252.99745787571499
0.09764803746855337 0.0032257142857142857 259.7966362503587
0.09764803746855337 0.003262857142857143 266.54949349503
0.09764803746855337 0.0033 273.2434216084723
0.100716587993894 0.0020371428571428567 60.49984343662709
0.100716587993894 0.0020742857142857143 66.71355433320014
0.100716587993894 0.0021114285714285714 73.0204145189274
0.100716587993894 0.0021485714285714285 79.40687301454341
0.100716587993894 0.0021857142857142856 85.86099601805608
0.100716587993894 0.0022228571428571427 92.3724641650258
0.100716587993894 0.00226 98.9325420080662
0.100716587993894 0.002297142857142857 105.5340212382323
0.100716587993894 0.002334285714285714 112.17113952920124
0.100716587993894 0.002371428571428572 118.83947720728463
0.100716587993894 0.0024085714285714288 125.53583423210091
0.100716587993894 0.0024457142857142854 132.2580902105068
0.100716587993894 0.002482857142857143 139.0050503573325
0.100716587993894 0.00252 145.77628045844722
0.100716587993894 0.0025571428571428572 152.57193398332208
0.100716587993894 0.0025942857142857143 159.3925745351404
0.100716587993894 0.0026314285714285715 166.2389968168361
0.100716587993894 0.002668571428571429 173.11204923227046
0.100716587993894 0.0027057142857142857 180.01246113505158
0.100716587993894 0.002742857142857143 186.94067758563494
0.100716587993894 0.00278 193.89670428373347
0.100716587993894 0.002817142857142857 200.87996511144547
0.100716587993894 0.0028542857142857146 207.88917445733637
0.100716587993894 0.0028914285714285717 214.92222619788902
0.100716587993894 0.002928571428571429 221.9761008954083
0.100716587993894 0.0029657142857142855 229.0467924363553
0.100716587993894 0.003002857142857143 236.12925498678976
0.100716587993894 0.00304 243.2173707880653
0.100716587993894 0.003077142857142857 250.30393896199348
0.100716587993894 0.0031142857142857144 257.38068514609256
0.100716587993894 0.0031514285714285715 264.43829144192784
0.100716587993894 0.003188571428571429 271.4664458381768
0.100716587993894 0.0032257142857142857 278.45390996985543
0.100716587993894 0.003262857142857143 285.3886038006747
0.100716587993894 0.0033 292.25770557071917
0.1038272206059125 0.0020371428571428567 69.81789109738054
0.1038272206059125 0.0020742857142857143 76.53298788836958
0.1038272206059125 0.0021114285714285714 83.33195854721373
0.1038272206059125 0.0021485714285714285 90.20025551452534
0.1038272206059125 0.0021857142857142856 97.12509501455213
0.1038272206059125 0.0022228571428571427 104.09545434436211
0.1038272206059125 0.00226 111.10203943914598
0.1038272206059125 0.002297142857142857 118.13722432638144
0.1038272206059125 0.002334285714285714 125.19496446420578
0.1038272206059125 0.002371428571428572 132.27068630374026
0.1038272206059125 0.0024085714285714288 139.3611557166746
0.1038272206059125 0.0024457142857142854 146.46432818431845
0.1038272206059125 0.002482857142857143 153.57918384945208
0.1038272206059125 0.00252 160.70555068534748
0.1038272206059125 0.0025571428571428572 167.8439191358923
0.1038272206059125 0.0025942857142857143 174.99525162617545
0.1038272206059125 0.0026314285714285715 182.16079033452172
0.1038272206059125 0.002668571428571429 189.3418665558156
0.1038272206059125 0.0027057142857142857 196.53971487401736
0.1038272206059125 0.002742857142857143 203.75529520171733
0.1038272206059125 0.00278 210.98912553982075
0.1038272206059125 0.002817142857142857 218.24112806507196
0.1038272206059125 0.0028542857142857146 225.51049087178228
0.1038272206059125 0.0028914285714285717 232.79554738207491
0.1038272206059125 0.002928571428571429 240.09367510159382
0.1038272206059125 0.0029657142857142855 247.40121504110834
0.1038272206059125 0.003002857142857143 254.7134127546518
0.1038272206059125 0.00304 262.0243815682346
0.1038272206059125 0.003077142857142857 269.3270881957752
0.1038272206059125 0.0031142857142857144 276.6133605671005
0.1038272206059125 0.0031514285714285715 283.87391733243965
0.1038272206059125 0.003188571428571429 291.09841816456446
0.1038272206059125 0.0032257142857142857 298.2755336588539
0.1038272206059125 0.003262857142857143 305.3930333379137
0.1038272206059125 0.0033 312.43789000527227
0.10697960746251164 0.0020371428571428567 79.94916097858231
0.10697960746251164 0.0020742857142857143 87.1921247722961
0.10697960746251164 0.0021114285714285714 94.50880993828525
0.10697960746251164 0.0021485714285714285 101.88362063561351
0.10697960746251164 0.0021857142857142856 109.30287951841512
0.10697960746251164 0.0022228571428571427 116.75482509685753
0.10697960746251164 0.00226 124.22957733428348
0.10697960746251164 0.002297142857142857 131.719073186586
0.10697960746251164 0.002334285714285714 139.2169741981312
0.10697960746251164 0.002371428571428572 146.71854863627266
0.10697960746251164 0.0024085714285714288 154.22053096898617
0.10697960746251164 0.0024457142857142854 161.72096176306115
0.10697960746251164 0.002482857142857143 169.21901130040828
0.10697960746251164 0.00252 176.71479037488382
0.10697960746251164 0.0025571428571428572 184.20915183997658
0.10697960746251164 0.0025942857142857143 191.70348652809434
0.10697960746251164 0.0026314285714285715 199.19951715534705
0.10697960746251164 0.002668571428571429 206.6990937626182
0.10697960746251164 0.0027057142857142857 214.2039941265374
0.10697960746251164 0.002742857142857143 221.71573240539146
0.10697960746251164 0.00278 229.23537906877266
0.10697960746251164 0.002817142857142857 236.76339490002385
0.10697960746251164 0.0028542857142857146 244.29948156244143
0.10697960746251164 0.0028914285714285717 251.8424508890165
0.10697960746251164 0.002928571428571429 259.39011469727006
0.10697960746251164 0.0029657142857142855 266.93919655181264
0.10697960746251164 0.003002857142857143 274.48526650390977
0.10697960746251164 0.00304 282.02269943654755
0.10697960746251164 0.003077142857142857 289.5446572415083
0.10697960746251164 0.0031142857142857144 297.0430946588002
0.10697960746251164 0.0031514285714285715 304.5087882243836
0.10697960746251164 0.003188571428571429 311.9313874058312
0.10697960746251164 0.0032257142857142857 319.29948666294445
0.10697960746251164 0.003262857142857143 326.60071685641697
0.10697960746251164 0.0033 333.8218541473177
0.11017341632094614 0.0020371428571428567 90.92156751018683
0.11017341632094614 0.0020742857142857143 98.71968876537858
0.11017341632094614 0.0021114285714285714 106.58047205017431
0.11017341632094614 0.0021485714285714285 114.48721983979055
0.11017341632094614 0.0021857142857142856 122.42531617020472
0.11017341632094614 0.0022228571428571427 130.3822241189738
0.11017341632094614 0.00226 138.34744938242113
0.11017341632094614 0.002297142857142857 146.31247175188605
0.11017341632094614 0.002334285714285714 154.27064672679114
0.11017341632094614 0.002371428571428572 162.21707989465983
0.11017341632094614 0.0024085714285714288 170.1484770526314
0.11017341632094614 0.0024457142857142854 178.06297333695818
0.11017341632094614 0.002482857142857143 185.9599448629723
0.11017341632094614 0.00252 193.83980655527887
0.11017341632094614 0.0025571428571428572 201.7037999649175
0.11017341632094614 0.0025942857142857143 209.55377492595005
0.11017341632094614 0.0026314285714285715 217.39196889887592
0.11017341632094614 0.002668571428571429 225.22078778331263
0.11017341632094614 0.0027057142857142857 233.0425918598546
0.11017341632094614 0.002742857142857143 240.85949034369753
0.11017341632094614 0.00278 248.67314780448032
0.11017341632094614 0.002817142857142857 256.4846054322162
0.11017341632094614 0.0028542857142857146 264.29411981353417
0.11017341632094614 0.0028914285714285717 272.10102153143225
0.11017341632094614 0.002928571428571429 279.90359552175744
0.11017341632094614 0.0029657142857142855 287.69898471712565
0.11017341632094614 0.003002857142857143 295.48311809124834
0.11017341632094614 0.00304 303.2506637902335
0.11017341632094614 0.003077142857142857 310.9950076099352
0.11017341632094614 0.0031142857142857144 318.7082566564791
0.11017341632094614 0.0031514285714285715 326.3812676176302
0.11017341632094614 0.003188571428571429 334.00369868215273
0.11017341632094614 0.0032257142857142857 341.5640837786975
0.11017341632094614 0.003262857142857143 349.0499274707121
0.11017341632094614 0.0033 356.44781854405403
0.1134083105728392 0.0020371428571428567 102.76320081755819
0.1134083105728392 0.0020742857142857143 111.14458684591898
0.1134083105728392 0.0021114285714285714 119.57663882209829
0.1134083105728392 0.0021485714285714285 128.04150240828358
0.1134083105728392 0.0021857142857142856 136.52357649856958
0.1134083105728392 0.0022228571428571427 145.00951087320323
0.1134083105728392 0.00226 153.48816770653514
0.1134083105728392 0.002297142857142857 161.95054883121543
0.1134083105728392 0.002334285714285714 170.38969112446046
0.1134083105728392 0.002371428571428572 178.8005328004523
0.1134083105728392 0.0024085714285714288 187.1797537603543
0.1134083105728392 0.0024457142857142854 195.5255934635053
0.1134083105728392 0.002482857142857143 203.83765003602684
0.1134083105728392 0.00252 212.11666452364238
0.1134083105728392 0.0025571428571428572 220.36429432198122
0.1134083105728392 0.0025942857142857143 228.5828798792794
0.1134083105728392 0.0026314285714285715 236.7752087632142
0.1134083105728392 0.002668571428571429 244.94428111703257
0.1134083105728392 0.0027057142857142857 253.0930804020743
0.1134083105728392 0.002742857142857143 261.2243531375667
0.1134083105728392 0.00278 269.3404011080929
0.1134083105728392 0.002817142857142857 277.4428892191395
0.1134083105728392 0.0028542857142857146 285.53267184729725
0.1134083105728392 0.0028914285714285717 293.60964015997536
0.1134083105728392 0.002928571428571429 301.672592476721
0.1134083105728392 0.0029657142857142855 309.71912931732993
0.1134083105728392 0.003002857142857143 317.7455743383756
0.1134083105728392 0.00304 325.7469219068988
0.1134083105728392 0.003077142857142857 333.7168116055202
0.1134083105728392 0.0031142857142857144 341.6475295144504
0.1134083105728392 0.0031514285714285715 349.53003567999895
0.1134083105728392 0.003188571428571429 357.35401676328036
0.1134083105728392 0.0032257142857142857 365.10796247309315
0.1134083105728392 0.003262857142857143 372.77926402946173
0.1134083105728392 0.0033 380.35433258431647
0.11668394927965893 0.0020371428571428567 115.50231518360772
0.11668394927965893 0.0020742857142857143 124.4958973971901
0.11668394927965893 0.0021114285714285714 133.52718274133622
0.11668394927965893 0.0021485714285714285 142.57710318327372
0.11668394927965893 0.0021857142857142856 151.62902445186432
0.11668394927965893 0.0022228571428571427 160.66874392468844
0.11668394927965893 0.00226 169.6844500202235
0.11668394927965893 0.002297142857142857 178.66664510075543
0.11668394927965893 0.002334285714285714 187.60803438458913
0.11668394927965893 0.002371428571428572 196.5033838113892
0.11668394927965893 0.0024085714285714288 205.3493501962463
0.11668394927965893 0.0024457142857142854 214.14428734119076
0.11668394927965893 0.002482857142857143 222.88803204325643
0.11668394927965893 0.00252 231.58167414274692
0.11668394927965893 0.0025571428571428572 240.22731489206353
0.11668394927965893 0.0025942857142857143 248.8278179932937
0.11668394927965893 0.0026314285714285715 257.38655765199076
0.11668394927965893 0.002668571428571429 265.9071679262481
0.11668394927965893 0.0027057142857142857 274.3932975167327
0.11668394927965893 0.002742857142857143 282.8483739478638
0.11668394927965893 0.00278 291.27538083710806
0.11668394927965893 0.002817142857142857 299.6766516435018
0.11668394927965893 0.0028542857142857146 308.05368293364734
0.11668394927965893 0.0028914285714285717 316.40696981029237
0.11668394927965893 0.002928571428571429 324.7358657220469
0.11668394927965893 0.0029657142857142855 333.0384684203956
0.11668394927965893 0.003002857142857143 341.31153335969293
0.11668394927965893 0.00304 349.55041535520127
0.11668394927965893 0.003077142857142857 357.7490388315414
0.11668394927965893 0.0031142857142857144 365.8998965169492
0.11668394927965893 0.0031514285714285715 373.9940759752692
0.11668394927965893 0.003188571428571429 382.02131292498416
0.11668394927965893 0.0032257142857142857 389.9700698794927
0.11668394927965893 0.003262857142857143 397.8276382619375
0.11668394927965893 0.0033 405.5802618063474
0.11999998720865115 0.0020371428571428567 129.167317367402
0.11999998720865115 0.0020742857142857143 138.80285826568968
0.11999998720865115 0.0021114285714285714 148.46214265613355
0.11999998720865115 0.0021485714285714285 158.124830150648
0.11999998720865115 0.0021857142857142856 167.77320376601494
0.11999998720865115 0.0022228571428571427 177.3921681094307
0.11999998720865115 0.00226 186.96920661140712
0.11999998720865115 0.002297142857142857 196.49429991815487
0.11999998720865115 0.002334285714285714 205.9598080793195
0.11999998720865115 0.002371428571428572 215.36031964075494
0.11999998720865115 0.0024085714285714288 224.6924711691795
0.11999998720865115 0.0024457142857142854 233.95474109096574
0.11999998720865115 0.002482857142857143 243.14722201627285
0.11999998720865115 0.00252 252.27137593915927
0.11999998720865115 0.0025571428571428572 261.3297768518247
0.11999998720865115 0.0025942857142857143 270.32584538577044
0.11999998720865115 0.0026314285714285715 279.26358009446494
0.11999998720865115 0.002668571428571429 288.1472899223429
0.11999998720865115 0.0027057142857142857 296.9813322659128
0.11999998720865115 0.002742857142857143 305.76986082790813
0.11999998720865115 0.00278 314.51658719907914
0.11999998720865115 0.002817142857142857 323.22455977979473
0.11999998720865115 0.0028542857142857146 331.8959632812024
0.11999998720865115 0.0028914285714285717 340.53194163011074
0.11999998720865115 0.002928571428571429 349.1324466505423
0.11999998720865115 0.0029657142857142855 357.6961144158819
0.11999998720865115 0.003002857142857143 366.2201706669674
0.11999998720865115 0.00304 374.70036618190204
0.11999998720865115 0.003077142857142857 383.1309424711036
0.11999998720865115 0.0031142857142857144 391.50462766468604
0.11999998720865115 0.0031514285714285715 399.81266196685647
0.11999998720865115 0.003188571428571429 408.0448515812677
0.11999998720865115 0.0032257142857142857 416.18964956979084
0.11999998720865115 0.003262857142857143 424.23426170130074
0.11999998720865115 0.0033 432.1647749831599
