   7.6907754044555424E-002   2.3200000000000000E-003   172.91816355362326     
   8.1963424047503605E-002   2.3200000000000000E-003   163.79753619605404     
   8.7165242511848304E-002   2.3200000000000000E-003   160.83050957363244     
   9.2511390846086505E-002   2.3200000000000000E-003   164.17489187143568     
   9.8000000000000004E-002   2.3200000000000000E-003   173.93753667316858     
  
   7.6907754044555424E-002   2.4399999999999999E-003   163.24193831965692     
   8.1963424047503605E-002   2.4399999999999999E-003   154.60137789293563     
   8.7165242511848304E-002   2.4399999999999999E-003   152.16397947709615     
   9.2511390846086505E-002   2.4399999999999999E-003   156.08621216931385     
   9.8000000000000004E-002   2.4399999999999999E-003   166.47488096734182     
  
   7.6907754044555424E-002   2.5600000000000002E-003   159.69655075033592     
   8.1963424047503605E-002   2.5600000000000002E-003   151.78348364181684     
   8.7165242511848304E-002   2.5600000000000002E-003   150.17123644365674     
   9.2511390846086505E-002   2.5600000000000002E-003   155.02717267632846     
   9.8000000000000004E-002   2.5600000000000002E-003   166.46883846003257     
  
   7.6907754044555424E-002   2.6800000000000001E-003   161.69598443456513     
   8.1963424047503605E-002   2.6800000000000001E-003   154.76642183148300     
   8.7165242511848304E-002   2.6800000000000001E-003   154.23742004817356     
   9.2511390846086505E-002   2.6800000000000001E-003   160.27673121699493     
   9.8000000000000004E-002   2.6800000000000001E-003   172.99990907685037     
  
   7.6907754044555424E-002   2.8000000000000000E-003   168.87942701685651     
   8.1963424047503605E-002   2.8000000000000000E-003   163.19338679592195     
   8.7165242511848304E-002   2.8000000000000000E-003   163.97066672695621     
   9.2511390846086505E-002   2.8000000000000000E-003   171.35973320755940     
   9.8000000000000004E-002   2.8000000000000000E-003   185.45527988211236     
  
