   7.4435279071815130E-002   2.2600000000000003E-003   188.66052324799665     
   7.6907754044555424E-002   2.2600000000000003E-003   180.43440473008513     
   7.9417208814936066E-002   2.2600000000000003E-003   173.80099630458017     
   8.1963424047503605E-002   2.2600000000000003E-003   168.78937866153314     
   8.4546177193806804E-002   2.2600000000000003E-003   165.42436191696777     
   8.7165242511848304E-002   2.2600000000000003E-003   163.72651589667953     
   8.9820391085815049E-002   2.2600000000000003E-003   163.71228720843399     
   9.2511390846086505E-002   2.2600000000000003E-003   165.39412101069729     
   9.5238006589518281E-002   2.2600000000000003E-003   168.78075533114830     
   9.8000000000000004E-002   2.2600000000000003E-003   173.87716280006029     
  
   7.4435279071815130E-002   2.3200000000000000E-003   181.12465943324833     
   7.6907754044555424E-002   2.3200000000000000E-003   173.05302814319720     
   7.9417208814936066E-002   2.3200000000000000E-003   166.59027172012034     
   8.1963424047503605E-002   2.3200000000000000E-003   161.76536259189032     
   8.4546177193806804E-002   2.3200000000000000E-003   158.60305793569978     
   8.7165242511848304E-002   2.3200000000000000E-003   157.12390879647026     
   8.9820391085815049E-002   2.3200000000000000E-003   157.34435325329142     
   9.2511390846086505E-002   2.3200000000000000E-003   159.27690971296840     
   9.5238006589518281E-002   2.3200000000000000E-003   162.93031455201850     
   9.8000000000000004E-002   2.3200000000000000E-003   168.30956885746593     
  
   7.4435279071815130E-002   2.3800000000000002E-003   175.35055727273431     
   7.6907754044555424E-002   2.3800000000000002E-003   167.44613860118534     
   7.9417208814936066E-002   2.3800000000000002E-003   161.16724785604779     
   8.1963424047503605E-002   2.3800000000000002E-003   156.54328535123435     
   8.4546177193806804E-002   2.3800000000000002E-003   153.59954239436985     
   8.7165242511848304E-002   2.3800000000000002E-003   152.35715591405898     
   8.9820391085815049E-002   2.3800000000000002E-003   152.83329081301648     
   9.2511390846086505E-002   2.3800000000000002E-003   155.04121078132496     
   9.5238006589518281E-002   2.3800000000000002E-003   158.99050348498002     
   9.8000000000000004E-002   2.3800000000000002E-003   164.68702570079273     
  
   7.4435279071815130E-002   2.4399999999999999E-003   171.21643006960116     
   7.6907754044555424E-002   2.4399999999999999E-003   163.49706782684467     
   7.9417208814936066E-002   2.4399999999999999E-003   157.42140309701915     
   8.1963424047503605E-002   2.4399999999999999E-003   153.01979260577650     
   8.4546177193806804E-002   2.4399999999999999E-003   150.31861196822877     
   8.7165242511848304E-002   2.4399999999999999E-003   149.34025493552269     
   8.9820391085815049E-002   2.4399999999999999E-003   150.10325931230034     
   9.2511390846086505E-002   2.4399999999999999E-003   152.62236877749842     
   9.5238006589518281E-002   2.4399999999999999E-003   156.90879169039934     
   9.8000000000000004E-002   2.4399999999999999E-003   162.97006321664443     
  
   7.4435279071815130E-002   2.5000000000000001E-003   168.61566699659554     
   7.6907754044555424E-002   2.5000000000000001E-003   161.10303164266753     
   7.9417208814936066E-002   2.5000000000000001E-003   155.25385513288688     
   8.1963424047503605E-002   2.5000000000000001E-003   151.09974202948590     
   8.4546177193806804E-002   2.5000000000000001E-003   148.66848013871206     
   8.7165242511848304E-002   2.5000000000000001E-003   147.98401591298406     
   8.9820391085815049E-002   2.5000000000000001E-003   149.06657139999174     
   9.2511390846086505E-002   2.5000000000000001E-003   151.93269113250165     
   9.5238006589518281E-002   2.5000000000000001E-003   156.59546957856782     
   9.8000000000000004E-002   2.5000000000000001E-003   163.06443414016519     
  
   7.4435279071815130E-002   2.5599999999999998E-003   167.45483695856132     
   7.6907754044555424E-002   2.5599999999999998E-003   160.17278337154613     
   7.9417208814936066E-002   2.5599999999999998E-003   154.57476795576258     
   8.1963424047503605E-002   2.5599999999999998E-003   150.69357059211339     
   8.4546177193806804E-002   2.5599999999999998E-003   148.55825860553921     
   8.7165242511848304E-002   2.5599999999999998E-003   148.19413086035286     
   8.9820391085815049E-002   2.5599999999999998E-003   149.62282928279450     
   9.2511390846086505E-002   2.5599999999999998E-003   152.86234537305205     
   9.5238006589518281E-002   2.5599999999999998E-003   157.92723781398252     
   9.8000000000000004E-002   2.5599999999999998E-003   164.82846790620050     
  
   7.4435279071815130E-002   2.6199999999999999E-003   167.65426629315419     
   7.6907754044555424E-002   2.6199999999999999E-003   160.62799231072898     
   7.9417208814936066E-002   2.6199999999999999E-003   155.30604716999744     
   8.1963424047503605E-002   2.6199999999999999E-003   151.72191348687753     
   8.4546177193806804E-002   2.6199999999999999E-003   149.90535878592669     
   8.7165242511848304E-002   2.6199999999999999E-003   149.88238283932128     
   8.9820391085815049E-002   2.6199999999999999E-003   151.67523393270693     
   9.2511390846086505E-002   2.6199999999999999E-003   155.30245919981257     
   9.5238006589518281E-002   2.6199999999999999E-003   160.77906610233538     
   9.8000000000000004E-002   2.6199999999999999E-003   168.11630306025489     
  
   7.4435279071815130E-002   2.6800000000000001E-003   169.14907993183954     
   7.6907754044555424E-002   2.6800000000000001E-003   162.40560233863829     
   7.9417208814936066E-002   2.6800000000000001E-003   157.38559092790319     
   8.1963424047503605E-002   2.6800000000000001E-003   154.12251210829703     
   8.4546177193806804E-002   2.6800000000000001E-003   152.64602630670277     
   8.7165242511848304E-002   2.6800000000000001E-003   152.98188152982760     
   8.9820391085815049E-002   2.6800000000000001E-003   155.15195365181773     
   9.2511390846086505E-002   2.6800000000000001E-003   159.17422187295824     
   9.5238006589518281E-002   2.6800000000000001E-003   165.06293715066107     
   9.8000000000000004E-002   2.6800000000000001E-003   172.82835924899211     
  
   7.4435279071815130E-002   2.7399999999999998E-003   171.88844164271546     
   7.6907754044555424E-002   2.7399999999999998E-003   165.45794551330812     
   7.9417208814936066E-002   2.7399999999999998E-003   160.76875311698780     
   8.1963424047503605E-002   2.7399999999999998E-003   157.85357672164812     
   8.4546177193806804E-002   2.7399999999999998E-003   156.74115327720534     
   8.7165242511848304E-002   2.7399999999999998E-003   157.45613175261144     
   8.9820391085815049E-002   2.7399999999999998E-003   160.01911910327189     
   9.2511390846086505E-002   2.7399999999999998E-003   164.44660968084196     
   9.5238006589518281E-002   2.7399999999999998E-003   170.75116219368545     
   9.8000000000000004E-002   2.7399999999999998E-003   178.94111525014875     
  
   7.4435279071815130E-002   2.8000000000000000E-003   175.83087330896251     
   7.6907754044555424E-002   2.8000000000000000E-003   169.74793196282761     
   7.9417208814936066E-002   2.8000000000000000E-003   165.42353715853710     
   8.1963424047503605E-002   2.8000000000000000E-003   162.88906821757362     
   8.4546177193806804E-002   2.8000000000000000E-003   162.17176725021784     
   8.7165242511848304E-002   2.8000000000000000E-003   163.29463228629243     
   8.9820391085815049E-002   2.8000000000000000E-003   166.27647554233386     
   9.2511390846086505E-002   2.8000000000000000E-003   171.13181951922644     
   9.5238006589518281E-002   2.8000000000000000E-003   177.87114330885441     
   9.8000000000000004E-002   2.8000000000000000E-003   186.50048821348386     
  
