   5.9037636768777692E-002
   6.0083891260808556E-002
   6.1138743029151080E-002
   6.2202171458847176E-002
   6.3274155767325271E-002
   6.4354675004806183E-002
   6.5443708054712807E-002
   6.6541233634082680E-002
   6.7647230293983882E-002
   6.8761676419934220E-002
   6.9884550232323692E-002
   7.1015829786840123E-002
   7.2155492974897997E-002
   7.3303517524070494E-002
   7.4459880998524838E-002
   7.5624560799460630E-002
   7.6797534165551740E-002
   7.7978778173390800E-002
   7.9168269737937488E-002
   8.0365985612969509E-002
   8.1571902391536916E-002
   8.2785996506419671E-002
   8.4008244230588114E-002
   8.5238621677666548E-002
   8.6477104802400326E-002
   8.7723669401125581E-002
   8.8978291112242258E-002
   9.0240945416690227E-002
   9.1511607638428499E-002
   9.2790252944917370E-002
   9.4076856347603877E-002
   9.5371392702409977E-002
   9.6673836710224045E-002
   9.7984162917395298E-002
   9.9302345716231144E-002
  0.10062835934549783     
  0.10196217789092357     
  0.10330377528570527     
  0.10465312531101789     
  0.10601020159652680     
  0.10737497762090308     
  0.10874742671234187     
  0.11012752204908380     
  0.11151523665993877     
  0.11291054342481346     
  0.11431341507524108     
  0.11572382419491435     
  0.11714174322022132     
  0.11856714444078398     
  0.12000000000000000     
