   2.0249999999999999E-003
   2.0500000000000002E-003
   2.0750000000000000E-003
   2.0999999999999999E-003
   2.1250000000000002E-003
   2.1500000000000000E-003
   2.1749999999999999E-003
   2.2000000000000001E-003
   2.2250000000000000E-003
   2.2499999999999998E-003
   2.2750000000000001E-003
   2.3000000000000000E-003
   2.3249999999999998E-003
   2.3500000000000001E-003
   2.3749999999999999E-003
   2.4000000000000002E-003
   2.4250000000000001E-003
   2.4499999999999999E-003
   2.4750000000000002E-003
   2.5000000000000001E-003
   2.5249999999999999E-003
   2.5500000000000002E-003
   2.5750000000000000E-003
   2.5999999999999999E-003
   2.6250000000000002E-003
   2.6500000000000000E-003
   2.6749999999999999E-003
   2.7000000000000001E-003
   2.7250000000000000E-003
   2.7499999999999998E-003
   2.7750000000000001E-003
   2.8000000000000000E-003
   2.8249999999999998E-003
   2.8500000000000001E-003
   2.8750000000000000E-003
   2.8999999999999998E-003
   2.9250000000000001E-003
   2.9499999999999999E-003
   2.9749999999999998E-003
   3.0000000000000001E-003
   3.0249999999999999E-003
   3.0499999999999998E-003
   3.0750000000000000E-003
   3.0999999999999999E-003
   3.1249999999999997E-003
   3.1500000000000000E-003
   3.1749999999999999E-003
   3.1999999999999997E-003
   3.2250000000000000E-003
   3.2499999999999999E-003
