0.0815714 0.00255638 
0.0815714 0.00255879 
0.0815714 0.00256121 
0.0815714 0.00256362 
0.0816774 0.00254915 
0.0816774 0.00255156 
0.0816774 0.00255397 
0.0816774 0.00255638 
0.0816774 0.00255879 
0.0816774 0.00256121 
0.0816774 0.00256362 
0.0816774 0.00256603 
0.0816774 0.00256844 
0.0816774 0.00257085 
0.0817833 0.00254191 
0.0817833 0.00254432 
0.0817833 0.00254673 
0.0817833 0.00254915 
0.0817833 0.00255156 
0.0817833 0.00255397 
0.0817833 0.00255638 
0.0817833 0.00255879 
0.0817833 0.00256121 
0.0817833 0.00256362 
0.0817833 0.00256603 
0.0817833 0.00256844 
0.0817833 0.00257085 
0.0817833 0.00257327 
0.0817833 0.00257568 
0.0817833 0.00257809 
0.0818893 0.00253467 
0.0818893 0.00253709 
0.0818893 0.0025395 
0.0818893 0.00254191 
0.0818893 0.00254432 
0.0818893 0.00254673 
0.0818893 0.00254915 
0.0818893 0.00255156 
0.0818893 0.00255397 
0.0818893 0.00255638 
0.0818893 0.00255879 
0.0818893 0.00256121 
0.0818893 0.00256362 
0.0818893 0.00256603 
0.0818893 0.00256844 
0.0818893 0.00257085 
0.0818893 0.00257327 
0.0818893 0.00257568 
0.0818893 0.00257809 
0.0818893 0.0025805 
0.0818893 0.00258291 
0.0819953 0.00252985 
0.0819953 0.00253226 
0.0819953 0.00253467 
0.0819953 0.00253709 
0.0819953 0.0025395 
0.0819953 0.00254191 
0.0819953 0.00254432 
0.0819953 0.00254673 
0.0819953 0.00254915 
0.0819953 0.00255156 
0.0819953 0.00255397 
0.0819953 0.00255638 
0.0819953 0.00255879 
0.0819953 0.00256121 
0.0819953 0.00256362 
0.0819953 0.00256603 
0.0819953 0.00256844 
0.0819953 0.00257085 
0.0819953 0.00257327 
0.0819953 0.00257568 
0.0819953 0.00257809 
0.0819953 0.0025805 
0.0819953 0.00258291 
0.0819953 0.00258533 
0.0819953 0.00258774 
0.0821013 0.00252744 
0.0821013 0.00252985 
0.0821013 0.00253226 
0.0821013 0.00253467 
0.0821013 0.00253709 
0.0821013 0.0025395 
0.0821013 0.00254191 
0.0821013 0.00254432 
0.0821013 0.00254673 
0.0821013 0.00254915 
0.0821013 0.00255156 
0.0821013 0.00255397 
0.0821013 0.00255638 
0.0821013 0.00255879 
0.0821013 0.00256121 
0.0821013 0.00256362 
0.0821013 0.00256603 
0.0821013 0.00256844 
0.0821013 0.00257085 
0.0821013 0.00257327 
0.0821013 0.00257568 
0.0821013 0.00257809 
0.0821013 0.0025805 
0.0821013 0.00258291 
0.0821013 0.00258533 
0.0821013 0.00258774 
0.0821013 0.00259015 
0.0822073 0.00252744 
0.0822073 0.00252985 
0.0822073 0.00253226 
0.0822073 0.00253467 
0.0822073 0.00253709 
0.0822073 0.0025395 
0.0822073 0.00254191 
0.0822073 0.00254432 
0.0822073 0.00254673 
0.0822073 0.00254915 
0.0822073 0.00255156 
0.0822073 0.00255397 
0.0822073 0.00255638 
0.0822073 0.00255879 
0.0822073 0.00256121 
0.0822073 0.00256362 
0.0822073 0.00256603 
0.0822073 0.00256844 
0.0822073 0.00257085 
0.0822073 0.00257327 
0.0822073 0.00257568 
0.0822073 0.00257809 
0.0822073 0.0025805 
0.0822073 0.00258291 
0.0822073 0.00258533 
0.0822073 0.00258774 
0.0822073 0.00259015 
0.0823133 0.00252503 
0.0823133 0.00252744 
0.0823133 0.00252985 
0.0823133 0.00253226 
0.0823133 0.00253467 
0.0823133 0.00253709 
0.0823133 0.0025395 
0.0823133 0.00254191 
0.0823133 0.00254432 
0.0823133 0.00254673 
0.0823133 0.00254915 
0.0823133 0.00255156 
0.0823133 0.00255397 
0.0823133 0.00255638 
0.0823133 0.00255879 
0.0823133 0.00256121 
0.0823133 0.00256362 
0.0823133 0.00256603 
0.0823133 0.00256844 
0.0823133 0.00257085 
0.0823133 0.00257327 
0.0823133 0.00257568 
0.0823133 0.00257809 
0.0823133 0.0025805 
0.0823133 0.00258291 
0.0823133 0.00258533 
0.0823133 0.00258774 
0.0823133 0.00259015 
0.0823133 0.00259256 
0.0824193 0.00252261 
0.0824193 0.00252503 
0.0824193 0.00252744 
0.0824193 0.00252985 
0.0824193 0.00253226 
0.0824193 0.00253467 
0.0824193 0.00253709 
0.0824193 0.0025395 
0.0824193 0.00254191 
0.0824193 0.00254432 
0.0824193 0.00254673 
0.0824193 0.00254915 
0.0824193 0.00255156 
0.0824193 0.00255397 
0.0824193 0.00255638 
0.0824193 0.00255879 
0.0824193 0.00256121 
0.0824193 0.00256362 
0.0824193 0.00256603 
0.0824193 0.00256844 
0.0824193 0.00257085 
0.0824193 0.00257327 
0.0824193 0.00257568 
0.0824193 0.00257809 
0.0824193 0.0025805 
0.0824193 0.00258291 
0.0824193 0.00258533 
0.0824193 0.00258774 
0.0824193 0.00259015 
0.0824193 0.00259256 
0.0825253 0.00252261 
0.0825253 0.00252503 
0.0825253 0.00252744 
0.0825253 0.00252985 
0.0825253 0.00253226 
0.0825253 0.00253467 
0.0825253 0.00253709 
0.0825253 0.0025395 
0.0825253 0.00254191 
0.0825253 0.00254432 
0.0825253 0.00254673 
0.0825253 0.00254915 
0.0825253 0.00255156 
0.0825253 0.00255397 
0.0825253 0.00255638 
0.0825253 0.00255879 
0.0825253 0.00256121 
0.0825253 0.00256362 
0.0825253 0.00256603 
0.0825253 0.00256844 
0.0825253 0.00257085 
0.0825253 0.00257327 
0.0825253 0.00257568 
0.0825253 0.00257809 
0.0825253 0.0025805 
0.0825253 0.00258291 
0.0825253 0.00258533 
0.0825253 0.00258774 
0.0825253 0.00259015 
0.0825253 0.00259256 
0.0826313 0.0025202 
0.0826313 0.00252261 
0.0826313 0.00252503 
0.0826313 0.00252744 
0.0826313 0.00252985 
0.0826313 0.00253226 
0.0826313 0.00253467 
0.0826313 0.00253709 
0.0826313 0.0025395 
0.0826313 0.00254191 
0.0826313 0.00254432 
0.0826313 0.00254673 
0.0826313 0.00254915 
0.0826313 0.00255156 
0.0826313 0.00255397 
0.0826313 0.00255638 
0.0826313 0.00255879 
0.0826313 0.00256121 
0.0826313 0.00256362 
0.0826313 0.00256603 
0.0826313 0.00256844 
0.0826313 0.00257085 
0.0826313 0.00257327 
0.0826313 0.00257568 
0.0826313 0.00257809 
0.0826313 0.0025805 
0.0826313 0.00258291 
0.0826313 0.00258533 
0.0826313 0.00258774 
0.0826313 0.00259015 
0.0826313 0.00259256 
0.0826313 0.00259497 
0.0827373 0.00251779 
0.0827373 0.0025202 
0.0827373 0.00252261 
0.0827373 0.00252503 
0.0827373 0.00252744 
0.0827373 0.00252985 
0.0827373 0.00253226 
0.0827373 0.00253467 
0.0827373 0.00253709 
0.0827373 0.0025395 
0.0827373 0.00254191 
0.0827373 0.00254432 
0.0827373 0.00254673 
0.0827373 0.00254915 
0.0827373 0.00255156 
0.0827373 0.00255397 
0.0827373 0.00255638 
0.0827373 0.00255879 
0.0827373 0.00256121 
0.0827373 0.00256362 
0.0827373 0.00256603 
0.0827373 0.00256844 
0.0827373 0.00257085 
0.0827373 0.00257327 
0.0827373 0.00257568 
0.0827373 0.00257809 
0.0827373 0.0025805 
0.0827373 0.00258291 
0.0827373 0.00258533 
0.0827373 0.00258774 
0.0827373 0.00259015 
0.0827373 0.00259256 
0.0827373 0.00259497 
0.0828433 0.00251538 
0.0828433 0.00251779 
0.0828433 0.0025202 
0.0828433 0.00252261 
0.0828433 0.00252503 
0.0828433 0.00252744 
0.0828433 0.00252985 
0.0828433 0.00253226 
0.0828433 0.00253467 
0.0828433 0.00253709 
0.0828433 0.0025395 
0.0828433 0.00254191 
0.0828433 0.00254432 
0.0828433 0.00254673 
0.0828433 0.00254915 
0.0828433 0.00255156 
0.0828433 0.00255397 
0.0828433 0.00255638 
0.0828433 0.00255879 
0.0828433 0.00256121 
0.0828433 0.00256362 
0.0828433 0.00256603 
0.0828433 0.00256844 
0.0828433 0.00257085 
0.0828433 0.00257327 
0.0828433 0.00257568 
0.0828433 0.00257809 
0.0828433 0.0025805 
0.0828433 0.00258291 
0.0828433 0.00258533 
0.0828433 0.00258774 
0.0828433 0.00259015 
0.0828433 0.00259256 
0.0828433 0.00259497 
0.0828433 0.00259739 
0.0829493 0.00251538 
0.0829493 0.00251779 
0.0829493 0.0025202 
0.0829493 0.00252261 
0.0829493 0.00252503 
0.0829493 0.00252744 
0.0829493 0.00252985 
0.0829493 0.00253226 
0.0829493 0.00253467 
0.0829493 0.00253709 
0.0829493 0.0025395 
0.0829493 0.00254191 
0.0829493 0.00254432 
0.0829493 0.00254673 
0.0829493 0.00254915 
0.0829493 0.00255156 
0.0829493 0.00255397 
0.0829493 0.00255638 
0.0829493 0.00255879 
0.0829493 0.00256121 
0.0829493 0.00256362 
0.0829493 0.00256603 
0.0829493 0.00256844 
0.0829493 0.00257085 
0.0829493 0.00257327 
0.0829493 0.00257568 
0.0829493 0.00257809 
0.0829493 0.0025805 
0.0829493 0.00258291 
0.0829493 0.00258533 
0.0829493 0.00258774 
0.0829493 0.00259015 
0.0829493 0.00259256 
0.0829493 0.00259497 
0.0829493 0.00259739 
0.0830552 0.00251296 
0.0830552 0.00251538 
0.0830552 0.00251779 
0.0830552 0.0025202 
0.0830552 0.00252261 
0.0830552 0.00252503 
0.0830552 0.00252744 
0.0830552 0.00252985 
0.0830552 0.00253226 
0.0830552 0.00253467 
0.0830552 0.00253709 
0.0830552 0.0025395 
0.0830552 0.00254191 
0.0830552 0.00254432 
0.0830552 0.00254673 
0.0830552 0.00254915 
0.0830552 0.00255156 
0.0830552 0.00255397 
0.0830552 0.00255638 
0.0830552 0.00255879 
0.0830552 0.00256121 
0.0830552 0.00256362 
0.0830552 0.00256603 
0.0830552 0.00256844 
0.0830552 0.00257085 
0.0830552 0.00257327 
0.0830552 0.00257568 
0.0830552 0.00257809 
0.0830552 0.0025805 
0.0830552 0.00258291 
0.0830552 0.00258533 
0.0830552 0.00258774 
0.0830552 0.00259015 
0.0830552 0.00259256 
0.0830552 0.00259497 
0.0830552 0.00259739 
0.0830552 0.0025998 
0.0831612 0.00251055 
0.0831612 0.00251296 
0.0831612 0.00251538 
0.0831612 0.00251779 
0.0831612 0.0025202 
0.0831612 0.00252261 
0.0831612 0.00252503 
0.0831612 0.00252744 
0.0831612 0.00252985 
0.0831612 0.00253226 
0.0831612 0.00253467 
0.0831612 0.00253709 
0.0831612 0.0025395 
0.0831612 0.00254191 
0.0831612 0.00254432 
0.0831612 0.00254673 
0.0831612 0.00254915 
0.0831612 0.00255156 
0.0831612 0.00255397 
0.0831612 0.00255638 
0.0831612 0.00255879 
0.0831612 0.00256121 
0.0831612 0.00256362 
0.0831612 0.00256603 
0.0831612 0.00256844 
0.0831612 0.00257085 
0.0831612 0.00257327 
0.0831612 0.00257568 
0.0831612 0.00257809 
0.0831612 0.0025805 
0.0831612 0.00258291 
0.0831612 0.00258533 
0.0831612 0.00258774 
0.0831612 0.00259015 
0.0831612 0.00259256 
0.0831612 0.00259497 
0.0831612 0.00259739 
0.0831612 0.0025998 
0.0832672 0.00250814 
0.0832672 0.00251055 
0.0832672 0.00251296 
0.0832672 0.00251538 
0.0832672 0.00251779 
0.0832672 0.0025202 
0.0832672 0.00252261 
0.0832672 0.00252503 
0.0832672 0.00252744 
0.0832672 0.00252985 
0.0832672 0.00253226 
0.0832672 0.00253467 
0.0832672 0.00253709 
0.0832672 0.0025395 
0.0832672 0.00254191 
0.0832672 0.00254432 
0.0832672 0.00254673 
0.0832672 0.00254915 
0.0832672 0.00255156 
0.0832672 0.00255397 
0.0832672 0.00255638 
0.0832672 0.00255879 
0.0832672 0.00256121 
0.0832672 0.00256362 
0.0832672 0.00256603 
0.0832672 0.00256844 
0.0832672 0.00257085 
0.0832672 0.00257327 
0.0832672 0.00257568 
0.0832672 0.00257809 
0.0832672 0.0025805 
0.0832672 0.00258291 
0.0832672 0.00258533 
0.0832672 0.00258774 
0.0832672 0.00259015 
0.0832672 0.00259256 
0.0832672 0.00259497 
0.0832672 0.00259739 
0.0832672 0.0025998 
0.0833732 0.00250814 
0.0833732 0.00251055 
0.0833732 0.00251296 
0.0833732 0.00251538 
0.0833732 0.00251779 
0.0833732 0.0025202 
0.0833732 0.00252261 
0.0833732 0.00252503 
0.0833732 0.00252744 
0.0833732 0.00252985 
0.0833732 0.00253226 
0.0833732 0.00253467 
0.0833732 0.00253709 
0.0833732 0.0025395 
0.0833732 0.00254191 
0.0833732 0.00254432 
0.0833732 0.00254673 
0.0833732 0.00254915 
0.0833732 0.00255156 
0.0833732 0.00255397 
0.0833732 0.00255638 
0.0833732 0.00255879 
0.0833732 0.00256121 
0.0833732 0.00256362 
0.0833732 0.00256603 
0.0833732 0.00256844 
0.0833732 0.00257085 
0.0833732 0.00257327 
0.0833732 0.00257568 
0.0833732 0.00257809 
0.0833732 0.0025805 
0.0833732 0.00258291 
0.0833732 0.00258533 
0.0833732 0.00258774 
0.0833732 0.00259015 
0.0833732 0.00259256 
0.0833732 0.00259497 
0.0833732 0.00259739 
0.0833732 0.0025998 
0.0833732 0.00260221 
0.0834792 0.00250573 
0.0834792 0.00250814 
0.0834792 0.00251055 
0.0834792 0.00251296 
0.0834792 0.00251538 
0.0834792 0.00251779 
0.0834792 0.0025202 
0.0834792 0.00252261 
0.0834792 0.00252503 
0.0834792 0.00252744 
0.0834792 0.00252985 
0.0834792 0.00253226 
0.0834792 0.00253467 
0.0834792 0.00253709 
0.0834792 0.0025395 
0.0834792 0.00254191 
0.0834792 0.00254432 
0.0834792 0.00254673 
0.0834792 0.00254915 
0.0834792 0.00255156 
0.0834792 0.00255397 
0.0834792 0.00255638 
0.0834792 0.00255879 
0.0834792 0.00256121 
0.0834792 0.00256362 
0.0834792 0.00256603 
0.0834792 0.00256844 
0.0834792 0.00257085 
0.0834792 0.00257327 
0.0834792 0.00257568 
0.0834792 0.00257809 
0.0834792 0.0025805 
0.0834792 0.00258291 
0.0834792 0.00258533 
0.0834792 0.00258774 
0.0834792 0.00259015 
0.0834792 0.00259256 
0.0834792 0.00259497 
0.0834792 0.00259739 
0.0834792 0.0025998 
0.0834792 0.00260221 
0.0835852 0.00250332 
0.0835852 0.00250573 
0.0835852 0.00250814 
0.0835852 0.00251055 
0.0835852 0.00251296 
0.0835852 0.00251538 
0.0835852 0.00251779 
0.0835852 0.0025202 
0.0835852 0.00252261 
0.0835852 0.00252503 
0.0835852 0.00252744 
0.0835852 0.00252985 
0.0835852 0.00253226 
0.0835852 0.00253467 
0.0835852 0.00253709 
0.0835852 0.0025395 
0.0835852 0.00254191 
0.0835852 0.00254432 
0.0835852 0.00254673 
0.0835852 0.00254915 
0.0835852 0.00255156 
0.0835852 0.00255397 
0.0835852 0.00255638 
0.0835852 0.00255879 
0.0835852 0.00256121 
0.0835852 0.00256362 
0.0835852 0.00256603 
0.0835852 0.00256844 
0.0835852 0.00257085 
0.0835852 0.00257327 
0.0835852 0.00257568 
0.0835852 0.00257809 
0.0835852 0.0025805 
0.0835852 0.00258291 
0.0835852 0.00258533 
0.0835852 0.00258774 
0.0835852 0.00259015 
0.0835852 0.00259256 
0.0835852 0.00259497 
0.0835852 0.00259739 
0.0835852 0.0025998 
0.0835852 0.00260221 
0.0836912 0.0025009 
0.0836912 0.00250332 
0.0836912 0.00250573 
0.0836912 0.00250814 
0.0836912 0.00251055 
0.0836912 0.00251296 
0.0836912 0.00251538 
0.0836912 0.00251779 
0.0836912 0.0025202 
0.0836912 0.00252261 
0.0836912 0.00252503 
0.0836912 0.00252744 
0.0836912 0.00252985 
0.0836912 0.00253226 
0.0836912 0.00253467 
0.0836912 0.00253709 
0.0836912 0.0025395 
0.0836912 0.00254191 
0.0836912 0.00254432 
0.0836912 0.00254673 
0.0836912 0.00254915 
0.0836912 0.00255156 
0.0836912 0.00255397 
0.0836912 0.00255638 
0.0836912 0.00255879 
0.0836912 0.00256121 
0.0836912 0.00256362 
0.0836912 0.00256603 
0.0836912 0.00256844 
0.0836912 0.00257085 
0.0836912 0.00257327 
0.0836912 0.00257568 
0.0836912 0.00257809 
0.0836912 0.0025805 
0.0836912 0.00258291 
0.0836912 0.00258533 
0.0836912 0.00258774 
0.0836912 0.00259015 
0.0836912 0.00259256 
0.0836912 0.00259497 
0.0836912 0.00259739 
0.0836912 0.0025998 
0.0836912 0.00260221 
0.0836912 0.00260462 
0.0837972 0.00249849 
0.0837972 0.0025009 
0.0837972 0.00250332 
0.0837972 0.00250573 
0.0837972 0.00250814 
0.0837972 0.00251055 
0.0837972 0.00251296 
0.0837972 0.00251538 
0.0837972 0.00251779 
0.0837972 0.0025202 
0.0837972 0.00252261 
0.0837972 0.00252503 
0.0837972 0.00252744 
0.0837972 0.00252985 
0.0837972 0.00253226 
0.0837972 0.00253467 
0.0837972 0.00253709 
0.0837972 0.0025395 
0.0837972 0.00254191 
0.0837972 0.00254432 
0.0837972 0.00254673 
0.0837972 0.00254915 
0.0837972 0.00255156 
0.0837972 0.00255397 
0.0837972 0.00255638 
0.0837972 0.00255879 
0.0837972 0.00256121 
0.0837972 0.00256362 
0.0837972 0.00256603 
0.0837972 0.00256844 
0.0837972 0.00257085 
0.0837972 0.00257327 
0.0837972 0.00257568 
0.0837972 0.00257809 
0.0837972 0.0025805 
0.0837972 0.00258291 
0.0837972 0.00258533 
0.0837972 0.00258774 
0.0837972 0.00259015 
0.0837972 0.00259256 
0.0837972 0.00259497 
0.0837972 0.00259739 
0.0837972 0.0025998 
0.0837972 0.00260221 
0.0837972 0.00260462 
0.0839032 0.00249849 
0.0839032 0.0025009 
0.0839032 0.00250332 
0.0839032 0.00250573 
0.0839032 0.00250814 
0.0839032 0.00251055 
0.0839032 0.00251296 
0.0839032 0.00251538 
0.0839032 0.00251779 
0.0839032 0.0025202 
0.0839032 0.00252261 
0.0839032 0.00252503 
0.0839032 0.00252744 
0.0839032 0.00252985 
0.0839032 0.00253226 
0.0839032 0.00253467 
0.0839032 0.00253709 
0.0839032 0.0025395 
0.0839032 0.00254191 
0.0839032 0.00254432 
0.0839032 0.00254673 
0.0839032 0.00254915 
0.0839032 0.00255156 
0.0839032 0.00255397 
0.0839032 0.00255638 
0.0839032 0.00255879 
0.0839032 0.00256121 
0.0839032 0.00256362 
0.0839032 0.00256603 
0.0839032 0.00256844 
0.0839032 0.00257085 
0.0839032 0.00257327 
0.0839032 0.00257568 
0.0839032 0.00257809 
0.0839032 0.0025805 
0.0839032 0.00258291 
0.0839032 0.00258533 
0.0839032 0.00258774 
0.0839032 0.00259015 
0.0839032 0.00259256 
0.0839032 0.00259497 
0.0839032 0.00259739 
0.0839032 0.0025998 
0.0839032 0.00260221 
0.0839032 0.00260462 
0.0839032 0.00260704 
0.0840092 0.00249608 
0.0840092 0.00249849 
0.0840092 0.0025009 
0.0840092 0.00250332 
0.0840092 0.00250573 
0.0840092 0.00250814 
0.0840092 0.00251055 
0.0840092 0.00251296 
0.0840092 0.00251538 
0.0840092 0.00251779 
0.0840092 0.0025202 
0.0840092 0.00252261 
0.0840092 0.00252503 
0.0840092 0.00252744 
0.0840092 0.00252985 
0.0840092 0.00253226 
0.0840092 0.00253467 
0.0840092 0.00253709 
0.0840092 0.0025395 
0.0840092 0.00254191 
0.0840092 0.00254432 
0.0840092 0.00254673 
0.0840092 0.00254915 
0.0840092 0.00255156 
0.0840092 0.00255397 
0.0840092 0.00255638 
0.0840092 0.00255879 
0.0840092 0.00256121 
0.0840092 0.00256362 
0.0840092 0.00256603 
0.0840092 0.00256844 
0.0840092 0.00257085 
0.0840092 0.00257327 
0.0840092 0.00257568 
0.0840092 0.00257809 
0.0840092 0.0025805 
0.0840092 0.00258291 
0.0840092 0.00258533 
0.0840092 0.00258774 
0.0840092 0.00259015 
0.0840092 0.00259256 
0.0840092 0.00259497 
0.0840092 0.00259739 
0.0840092 0.0025998 
0.0840092 0.00260221 
0.0840092 0.00260462 
0.0840092 0.00260704 
0.0841152 0.00249367 
0.0841152 0.00249608 
0.0841152 0.00249849 
0.0841152 0.0025009 
0.0841152 0.00250332 
0.0841152 0.00250573 
0.0841152 0.00250814 
0.0841152 0.00251055 
0.0841152 0.00251296 
0.0841152 0.00251538 
0.0841152 0.00251779 
0.0841152 0.0025202 
0.0841152 0.00252261 
0.0841152 0.00252503 
0.0841152 0.00252744 
0.0841152 0.00252985 
0.0841152 0.00253226 
0.0841152 0.00253467 
0.0841152 0.00253709 
0.0841152 0.0025395 
0.0841152 0.00254191 
0.0841152 0.00254432 
0.0841152 0.00254673 
0.0841152 0.00254915 
0.0841152 0.00255156 
0.0841152 0.00255397 
0.0841152 0.00255638 
0.0841152 0.00255879 
0.0841152 0.00256121 
0.0841152 0.00256362 
0.0841152 0.00256603 
0.0841152 0.00256844 
0.0841152 0.00257085 
0.0841152 0.00257327 
0.0841152 0.00257568 
0.0841152 0.00257809 
0.0841152 0.0025805 
0.0841152 0.00258291 
0.0841152 0.00258533 
0.0841152 0.00258774 
0.0841152 0.00259015 
0.0841152 0.00259256 
0.0841152 0.00259497 
0.0841152 0.00259739 
0.0841152 0.0025998 
0.0841152 0.00260221 
0.0841152 0.00260462 
0.0841152 0.00260704 
0.0842211 0.00249126 
0.0842211 0.00249367 
0.0842211 0.00249608 
0.0842211 0.00249849 
0.0842211 0.0025009 
0.0842211 0.00250332 
0.0842211 0.00250573 
0.0842211 0.00250814 
0.0842211 0.00251055 
0.0842211 0.00251296 
0.0842211 0.00251538 
0.0842211 0.00251779 
0.0842211 0.0025202 
0.0842211 0.00252261 
0.0842211 0.00252503 
0.0842211 0.00252744 
0.0842211 0.00252985 
0.0842211 0.00253226 
0.0842211 0.00253467 
0.0842211 0.00253709 
0.0842211 0.0025395 
0.0842211 0.00254191 
0.0842211 0.00254432 
0.0842211 0.00254673 
0.0842211 0.00254915 
0.0842211 0.00255156 
0.0842211 0.00255397 
0.0842211 0.00255638 
0.0842211 0.00255879 
0.0842211 0.00256121 
0.0842211 0.00256362 
0.0842211 0.00256603 
0.0842211 0.00256844 
0.0842211 0.00257085 
0.0842211 0.00257327 
0.0842211 0.00257568 
0.0842211 0.00257809 
0.0842211 0.0025805 
0.0842211 0.00258291 
0.0842211 0.00258533 
0.0842211 0.00258774 
0.0842211 0.00259015 
0.0842211 0.00259256 
0.0842211 0.00259497 
0.0842211 0.00259739 
0.0842211 0.0025998 
0.0842211 0.00260221 
0.0842211 0.00260462 
0.0842211 0.00260704 
0.0842211 0.00260945 
0.0843271 0.00248884 
0.0843271 0.00249126 
0.0843271 0.00249367 
0.0843271 0.00249608 
0.0843271 0.00249849 
0.0843271 0.0025009 
0.0843271 0.00250332 
0.0843271 0.00250573 
0.0843271 0.00250814 
0.0843271 0.00251055 
0.0843271 0.00251296 
0.0843271 0.00251538 
0.0843271 0.00251779 
0.0843271 0.0025202 
0.0843271 0.00252261 
0.0843271 0.00252503 
0.0843271 0.00252744 
0.0843271 0.00252985 
0.0843271 0.00253226 
0.0843271 0.00253467 
0.0843271 0.00253709 
0.0843271 0.0025395 
0.0843271 0.00254191 
0.0843271 0.00254432 
0.0843271 0.00254673 
0.0843271 0.00254915 
0.0843271 0.00255156 
0.0843271 0.00255397 
0.0843271 0.00255638 
0.0843271 0.00255879 
0.0843271 0.00256121 
0.0843271 0.00256362 
0.0843271 0.00256603 
0.0843271 0.00256844 
0.0843271 0.00257085 
0.0843271 0.00257327 
0.0843271 0.00257568 
0.0843271 0.00257809 
0.0843271 0.0025805 
0.0843271 0.00258291 
0.0843271 0.00258533 
0.0843271 0.00258774 
0.0843271 0.00259015 
0.0843271 0.00259256 
0.0843271 0.00259497 
0.0843271 0.00259739 
0.0843271 0.0025998 
0.0843271 0.00260221 
0.0843271 0.00260462 
0.0843271 0.00260704 
0.0843271 0.00260945 
0.0844331 0.00248643 
0.0844331 0.00248884 
0.0844331 0.00249126 
0.0844331 0.00249367 
0.0844331 0.00249608 
0.0844331 0.00249849 
0.0844331 0.0025009 
0.0844331 0.00250332 
0.0844331 0.00250573 
0.0844331 0.00250814 
0.0844331 0.00251055 
0.0844331 0.00251296 
0.0844331 0.00251538 
0.0844331 0.00251779 
0.0844331 0.0025202 
0.0844331 0.00252261 
0.0844331 0.00252503 
0.0844331 0.00252744 
0.0844331 0.00252985 
0.0844331 0.00253226 
0.0844331 0.00253467 
0.0844331 0.00253709 
0.0844331 0.0025395 
0.0844331 0.00254191 
0.0844331 0.00254432 
0.0844331 0.00254673 
0.0844331 0.00254915 
0.0844331 0.00255156 
0.0844331 0.00255397 
0.0844331 0.00255638 
0.0844331 0.00255879 
0.0844331 0.00256121 
0.0844331 0.00256362 
0.0844331 0.00256603 
0.0844331 0.00256844 
0.0844331 0.00257085 
0.0844331 0.00257327 
0.0844331 0.00257568 
0.0844331 0.00257809 
0.0844331 0.0025805 
0.0844331 0.00258291 
0.0844331 0.00258533 
0.0844331 0.00258774 
0.0844331 0.00259015 
0.0844331 0.00259256 
0.0844331 0.00259497 
0.0844331 0.00259739 
0.0844331 0.0025998 
0.0844331 0.00260221 
0.0844331 0.00260462 
0.0844331 0.00260704 
0.0844331 0.00260945 
0.0845391 0.00248402 
0.0845391 0.00248643 
0.0845391 0.00248884 
0.0845391 0.00249126 
0.0845391 0.00249367 
0.0845391 0.00249608 
0.0845391 0.00249849 
0.0845391 0.0025009 
0.0845391 0.00250332 
0.0845391 0.00250573 
0.0845391 0.00250814 
0.0845391 0.00251055 
0.0845391 0.00251296 
0.0845391 0.00251538 
0.0845391 0.00251779 
0.0845391 0.0025202 
0.0845391 0.00252261 
0.0845391 0.00252503 
0.0845391 0.00252744 
0.0845391 0.00252985 
0.0845391 0.00253226 
0.0845391 0.00253467 
0.0845391 0.00253709 
0.0845391 0.0025395 
0.0845391 0.00254191 
0.0845391 0.00254432 
0.0845391 0.00254673 
0.0845391 0.00254915 
0.0845391 0.00255156 
0.0845391 0.00255397 
0.0845391 0.00255638 
0.0845391 0.00255879 
0.0845391 0.00256121 
0.0845391 0.00256362 
0.0845391 0.00256603 
0.0845391 0.00256844 
0.0845391 0.00257085 
0.0845391 0.00257327 
0.0845391 0.00257568 
0.0845391 0.00257809 
0.0845391 0.0025805 
0.0845391 0.00258291 
0.0845391 0.00258533 
0.0845391 0.00258774 
0.0845391 0.00259015 
0.0845391 0.00259256 
0.0845391 0.00259497 
0.0845391 0.00259739 
0.0845391 0.0025998 
0.0845391 0.00260221 
0.0845391 0.00260462 
0.0845391 0.00260704 
0.0845391 0.00260945 
0.0845391 0.00261186 
0.0846451 0.00248402 
0.0846451 0.00248643 
0.0846451 0.00248884 
0.0846451 0.00249126 
0.0846451 0.00249367 
0.0846451 0.00249608 
0.0846451 0.00249849 
0.0846451 0.0025009 
0.0846451 0.00250332 
0.0846451 0.00250573 
0.0846451 0.00250814 
0.0846451 0.00251055 
0.0846451 0.00251296 
0.0846451 0.00251538 
0.0846451 0.00251779 
0.0846451 0.0025202 
0.0846451 0.00252261 
0.0846451 0.00252503 
0.0846451 0.00252744 
0.0846451 0.00252985 
0.0846451 0.00253226 
0.0846451 0.00253467 
0.0846451 0.00253709 
0.0846451 0.0025395 
0.0846451 0.00254191 
0.0846451 0.00254432 
0.0846451 0.00254673 
0.0846451 0.00254915 
0.0846451 0.00255156 
0.0846451 0.00255397 
0.0846451 0.00255638 
0.0846451 0.00255879 
0.0846451 0.00256121 
0.0846451 0.00256362 
0.0846451 0.00256603 
0.0846451 0.00256844 
0.0846451 0.00257085 
0.0846451 0.00257327 
0.0846451 0.00257568 
0.0846451 0.00257809 
0.0846451 0.0025805 
0.0846451 0.00258291 
0.0846451 0.00258533 
0.0846451 0.00258774 
0.0846451 0.00259015 
0.0846451 0.00259256 
0.0846451 0.00259497 
0.0846451 0.00259739 
0.0846451 0.0025998 
0.0846451 0.00260221 
0.0846451 0.00260462 
0.0846451 0.00260704 
0.0846451 0.00260945 
0.0846451 0.00261186 
0.0847511 0.00248161 
0.0847511 0.00248402 
0.0847511 0.00248643 
0.0847511 0.00248884 
0.0847511 0.00249126 
0.0847511 0.00249367 
0.0847511 0.00249608 
0.0847511 0.00249849 
0.0847511 0.0025009 
0.0847511 0.00250332 
0.0847511 0.00250573 
0.0847511 0.00250814 
0.0847511 0.00251055 
0.0847511 0.00251296 
0.0847511 0.00251538 
0.0847511 0.00251779 
0.0847511 0.0025202 
0.0847511 0.00252261 
0.0847511 0.00252503 
0.0847511 0.00252744 
0.0847511 0.00252985 
0.0847511 0.00253226 
0.0847511 0.00253467 
0.0847511 0.00253709 
0.0847511 0.0025395 
0.0847511 0.00254191 
0.0847511 0.00254432 
0.0847511 0.00254673 
0.0847511 0.00254915 
0.0847511 0.00255156 
0.0847511 0.00255397 
0.0847511 0.00255638 
0.0847511 0.00255879 
0.0847511 0.00256121 
0.0847511 0.00256362 
0.0847511 0.00256603 
0.0847511 0.00256844 
0.0847511 0.00257085 
0.0847511 0.00257327 
0.0847511 0.00257568 
0.0847511 0.00257809 
0.0847511 0.0025805 
0.0847511 0.00258291 
0.0847511 0.00258533 
0.0847511 0.00258774 
0.0847511 0.00259015 
0.0847511 0.00259256 
0.0847511 0.00259497 
0.0847511 0.00259739 
0.0847511 0.0025998 
0.0847511 0.00260221 
0.0847511 0.00260462 
0.0847511 0.00260704 
0.0847511 0.00260945 
0.0847511 0.00261186 
0.0848571 0.0024792 
0.0848571 0.00248161 
0.0848571 0.00248402 
0.0848571 0.00248643 
0.0848571 0.00248884 
0.0848571 0.00249126 
0.0848571 0.00249367 
0.0848571 0.00249608 
0.0848571 0.00249849 
0.0848571 0.0025009 
0.0848571 0.00250332 
0.0848571 0.00250573 
0.0848571 0.00250814 
0.0848571 0.00251055 
0.0848571 0.00251296 
0.0848571 0.00251538 
0.0848571 0.00251779 
0.0848571 0.0025202 
0.0848571 0.00252261 
0.0848571 0.00252503 
0.0848571 0.00252744 
0.0848571 0.00252985 
0.0848571 0.00253226 
0.0848571 0.00253467 
0.0848571 0.00253709 
0.0848571 0.0025395 
0.0848571 0.00254191 
0.0848571 0.00254432 
0.0848571 0.00254673 
0.0848571 0.00254915 
0.0848571 0.00255156 
0.0848571 0.00255397 
0.0848571 0.00255638 
0.0848571 0.00255879 
0.0848571 0.00256121 
0.0848571 0.00256362 
0.0848571 0.00256603 
0.0848571 0.00256844 
0.0848571 0.00257085 
0.0848571 0.00257327 
0.0848571 0.00257568 
0.0848571 0.00257809 
0.0848571 0.0025805 
0.0848571 0.00258291 
0.0848571 0.00258533 
0.0848571 0.00258774 
0.0848571 0.00259015 
0.0848571 0.00259256 
0.0848571 0.00259497 
0.0848571 0.00259739 
0.0848571 0.0025998 
0.0848571 0.00260221 
0.0848571 0.00260462 
0.0848571 0.00260704 
0.0848571 0.00260945 
0.0848571 0.00261186 
0.0848571 0.00261427 
0.0849631 0.00247678 
0.0849631 0.0024792 
0.0849631 0.00248161 
0.0849631 0.00248402 
0.0849631 0.00248643 
0.0849631 0.00248884 
0.0849631 0.00249126 
0.0849631 0.00249367 
0.0849631 0.00249608 
0.0849631 0.00249849 
0.0849631 0.0025009 
0.0849631 0.00250332 
0.0849631 0.00250573 
0.0849631 0.00250814 
0.0849631 0.00251055 
0.0849631 0.00251296 
0.0849631 0.00251538 
0.0849631 0.00251779 
0.0849631 0.0025202 
0.0849631 0.00252261 
0.0849631 0.00252503 
0.0849631 0.00252744 
0.0849631 0.00252985 
0.0849631 0.00253226 
0.0849631 0.00253467 
0.0849631 0.00253709 
0.0849631 0.0025395 
0.0849631 0.00254191 
0.0849631 0.00254432 
0.0849631 0.00254673 
0.0849631 0.00254915 
0.0849631 0.00255156 
0.0849631 0.00255397 
0.0849631 0.00255638 
0.0849631 0.00255879 
0.0849631 0.00256121 
0.0849631 0.00256362 
0.0849631 0.00256603 
0.0849631 0.00256844 
0.0849631 0.00257085 
0.0849631 0.00257327 
0.0849631 0.00257568 
0.0849631 0.00257809 
0.0849631 0.0025805 
0.0849631 0.00258291 
0.0849631 0.00258533 
0.0849631 0.00258774 
0.0849631 0.00259015 
0.0849631 0.00259256 
0.0849631 0.00259497 
0.0849631 0.00259739 
0.0849631 0.0025998 
0.0849631 0.00260221 
0.0849631 0.00260462 
0.0849631 0.00260704 
0.0849631 0.00260945 
0.0849631 0.00261186 
0.0849631 0.00261427 
0.0850691 0.00247437 
0.0850691 0.00247678 
0.0850691 0.0024792 
0.0850691 0.00248161 
0.0850691 0.00248402 
0.0850691 0.00248643 
0.0850691 0.00248884 
0.0850691 0.00249126 
0.0850691 0.00249367 
0.0850691 0.00249608 
0.0850691 0.00249849 
0.0850691 0.0025009 
0.0850691 0.00250332 
0.0850691 0.00250573 
0.0850691 0.00250814 
0.0850691 0.00251055 
0.0850691 0.00251296 
0.0850691 0.00251538 
0.0850691 0.00251779 
0.0850691 0.0025202 
0.0850691 0.00252261 
0.0850691 0.00252503 
0.0850691 0.00252744 
0.0850691 0.00252985 
0.0850691 0.00253226 
0.0850691 0.00253467 
0.0850691 0.00253709 
0.0850691 0.0025395 
0.0850691 0.00254191 
0.0850691 0.00254432 
0.0850691 0.00254673 
0.0850691 0.00254915 
0.0850691 0.00255156 
0.0850691 0.00255397 
0.0850691 0.00255638 
0.0850691 0.00255879 
0.0850691 0.00256121 
0.0850691 0.00256362 
0.0850691 0.00256603 
0.0850691 0.00256844 
0.0850691 0.00257085 
0.0850691 0.00257327 
0.0850691 0.00257568 
0.0850691 0.00257809 
0.0850691 0.0025805 
0.0850691 0.00258291 
0.0850691 0.00258533 
0.0850691 0.00258774 
0.0850691 0.00259015 
0.0850691 0.00259256 
0.0850691 0.00259497 
0.0850691 0.00259739 
0.0850691 0.0025998 
0.0850691 0.00260221 
0.0850691 0.00260462 
0.0850691 0.00260704 
0.0850691 0.00260945 
0.0850691 0.00261186 
0.0850691 0.00261427 
0.0851751 0.00247196 
0.0851751 0.00247437 
0.0851751 0.00247678 
0.0851751 0.0024792 
0.0851751 0.00248161 
0.0851751 0.00248402 
0.0851751 0.00248643 
0.0851751 0.00248884 
0.0851751 0.00249126 
0.0851751 0.00249367 
0.0851751 0.00249608 
0.0851751 0.00249849 
0.0851751 0.0025009 
0.0851751 0.00250332 
0.0851751 0.00250573 
0.0851751 0.00250814 
0.0851751 0.00251055 
0.0851751 0.00251296 
0.0851751 0.00251538 
0.0851751 0.00251779 
0.0851751 0.0025202 
0.0851751 0.00252261 
0.0851751 0.00252503 
0.0851751 0.00252744 
0.0851751 0.00252985 
0.0851751 0.00253226 
0.0851751 0.00253467 
0.0851751 0.00253709 
0.0851751 0.0025395 
0.0851751 0.00254191 
0.0851751 0.00254432 
0.0851751 0.00254673 
0.0851751 0.00254915 
0.0851751 0.00255156 
0.0851751 0.00255397 
0.0851751 0.00255638 
0.0851751 0.00255879 
0.0851751 0.00256121 
0.0851751 0.00256362 
0.0851751 0.00256603 
0.0851751 0.00256844 
0.0851751 0.00257085 
0.0851751 0.00257327 
0.0851751 0.00257568 
0.0851751 0.00257809 
0.0851751 0.0025805 
0.0851751 0.00258291 
0.0851751 0.00258533 
0.0851751 0.00258774 
0.0851751 0.00259015 
0.0851751 0.00259256 
0.0851751 0.00259497 
0.0851751 0.00259739 
0.0851751 0.0025998 
0.0851751 0.00260221 
0.0851751 0.00260462 
0.0851751 0.00260704 
0.0851751 0.00260945 
0.0851751 0.00261186 
0.0851751 0.00261427 
0.0852811 0.00246955 
0.0852811 0.00247196 
0.0852811 0.00247437 
0.0852811 0.00247678 
0.0852811 0.0024792 
0.0852811 0.00248161 
0.0852811 0.00248402 
0.0852811 0.00248643 
0.0852811 0.00248884 
0.0852811 0.00249126 
0.0852811 0.00249367 
0.0852811 0.00249608 
0.0852811 0.00249849 
0.0852811 0.0025009 
0.0852811 0.00250332 
0.0852811 0.00250573 
0.0852811 0.00250814 
0.0852811 0.00251055 
0.0852811 0.00251296 
0.0852811 0.00251538 
0.0852811 0.00251779 
0.0852811 0.0025202 
0.0852811 0.00252261 
0.0852811 0.00252503 
0.0852811 0.00252744 
0.0852811 0.00252985 
0.0852811 0.00253226 
0.0852811 0.00253467 
0.0852811 0.00253709 
0.0852811 0.0025395 
0.0852811 0.00254191 
0.0852811 0.00254432 
0.0852811 0.00254673 
0.0852811 0.00254915 
0.0852811 0.00255156 
0.0852811 0.00255397 
0.0852811 0.00255638 
0.0852811 0.00255879 
0.0852811 0.00256121 
0.0852811 0.00256362 
0.0852811 0.00256603 
0.0852811 0.00256844 
0.0852811 0.00257085 
0.0852811 0.00257327 
0.0852811 0.00257568 
0.0852811 0.00257809 
0.0852811 0.0025805 
0.0852811 0.00258291 
0.0852811 0.00258533 
0.0852811 0.00258774 
0.0852811 0.00259015 
0.0852811 0.00259256 
0.0852811 0.00259497 
0.0852811 0.00259739 
0.0852811 0.0025998 
0.0852811 0.00260221 
0.0852811 0.00260462 
0.0852811 0.00260704 
0.0852811 0.00260945 
0.0852811 0.00261186 
0.0852811 0.00261427 
0.0852811 0.00261668 
0.085387 0.00246714 
0.085387 0.00246955 
0.085387 0.00247196 
0.085387 0.00247437 
0.085387 0.00247678 
0.085387 0.0024792 
0.085387 0.00248161 
0.085387 0.00248402 
0.085387 0.00248643 
0.085387 0.00248884 
0.085387 0.00249126 
0.085387 0.00249367 
0.085387 0.00249608 
0.085387 0.00249849 
0.085387 0.0025009 
0.085387 0.00250332 
0.085387 0.00250573 
0.085387 0.00250814 
0.085387 0.00251055 
0.085387 0.00251296 
0.085387 0.00251538 
0.085387 0.00251779 
0.085387 0.0025202 
0.085387 0.00252261 
0.085387 0.00252503 
0.085387 0.00252744 
0.085387 0.00252985 
0.085387 0.00253226 
0.085387 0.00253467 
0.085387 0.00253709 
0.085387 0.0025395 
0.085387 0.00254191 
0.085387 0.00254432 
0.085387 0.00254673 
0.085387 0.00254915 
0.085387 0.00255156 
0.085387 0.00255397 
0.085387 0.00255638 
0.085387 0.00255879 
0.085387 0.00256121 
0.085387 0.00256362 
0.085387 0.00256603 
0.085387 0.00256844 
0.085387 0.00257085 
0.085387 0.00257327 
0.085387 0.00257568 
0.085387 0.00257809 
0.085387 0.0025805 
0.085387 0.00258291 
0.085387 0.00258533 
0.085387 0.00258774 
0.085387 0.00259015 
0.085387 0.00259256 
0.085387 0.00259497 
0.085387 0.00259739 
0.085387 0.0025998 
0.085387 0.00260221 
0.085387 0.00260462 
0.085387 0.00260704 
0.085387 0.00260945 
0.085387 0.00261186 
0.085387 0.00261427 
0.085387 0.00261668 
0.085493 0.00246472 
0.085493 0.00246714 
0.085493 0.00246955 
0.085493 0.00247196 
0.085493 0.00247437 
0.085493 0.00247678 
0.085493 0.0024792 
0.085493 0.00248161 
0.085493 0.00248402 
0.085493 0.00248643 
0.085493 0.00248884 
0.085493 0.00249126 
0.085493 0.00249367 
0.085493 0.00249608 
0.085493 0.00249849 
0.085493 0.0025009 
0.085493 0.00250332 
0.085493 0.00250573 
0.085493 0.00250814 
0.085493 0.00251055 
0.085493 0.00251296 
0.085493 0.00251538 
0.085493 0.00251779 
0.085493 0.0025202 
0.085493 0.00252261 
0.085493 0.00252503 
0.085493 0.00252744 
0.085493 0.00252985 
0.085493 0.00253226 
0.085493 0.00253467 
0.085493 0.00253709 
0.085493 0.0025395 
0.085493 0.00254191 
0.085493 0.00254432 
0.085493 0.00254673 
0.085493 0.00254915 
0.085493 0.00255156 
0.085493 0.00255397 
0.085493 0.00255638 
0.085493 0.00255879 
0.085493 0.00256121 
0.085493 0.00256362 
0.085493 0.00256603 
0.085493 0.00256844 
0.085493 0.00257085 
0.085493 0.00257327 
0.085493 0.00257568 
0.085493 0.00257809 
0.085493 0.0025805 
0.085493 0.00258291 
0.085493 0.00258533 
0.085493 0.00258774 
0.085493 0.00259015 
0.085493 0.00259256 
0.085493 0.00259497 
0.085493 0.00259739 
0.085493 0.0025998 
0.085493 0.00260221 
0.085493 0.00260462 
0.085493 0.00260704 
0.085493 0.00260945 
0.085493 0.00261186 
0.085493 0.00261427 
0.085493 0.00261668 
0.085599 0.00246231 
0.085599 0.00246472 
0.085599 0.00246714 
0.085599 0.00246955 
0.085599 0.00247196 
0.085599 0.00247437 
0.085599 0.00247678 
0.085599 0.0024792 
0.085599 0.00248161 
0.085599 0.00248402 
0.085599 0.00248643 
0.085599 0.00248884 
0.085599 0.00249126 
0.085599 0.00249367 
0.085599 0.00249608 
0.085599 0.00249849 
0.085599 0.0025009 
0.085599 0.00250332 
0.085599 0.00250573 
0.085599 0.00250814 
0.085599 0.00251055 
0.085599 0.00251296 
0.085599 0.00251538 
0.085599 0.00251779 
0.085599 0.0025202 
0.085599 0.00252261 
0.085599 0.00252503 
0.085599 0.00252744 
0.085599 0.00252985 
0.085599 0.00253226 
0.085599 0.00253467 
0.085599 0.00253709 
0.085599 0.0025395 
0.085599 0.00254191 
0.085599 0.00254432 
0.085599 0.00254673 
0.085599 0.00254915 
0.085599 0.00255156 
0.085599 0.00255397 
0.085599 0.00255638 
0.085599 0.00255879 
0.085599 0.00256121 
0.085599 0.00256362 
0.085599 0.00256603 
0.085599 0.00256844 
0.085599 0.00257085 
0.085599 0.00257327 
0.085599 0.00257568 
0.085599 0.00257809 
0.085599 0.0025805 
0.085599 0.00258291 
0.085599 0.00258533 
0.085599 0.00258774 
0.085599 0.00259015 
0.085599 0.00259256 
0.085599 0.00259497 
0.085599 0.00259739 
0.085599 0.0025998 
0.085599 0.00260221 
0.085599 0.00260462 
0.085599 0.00260704 
0.085599 0.00260945 
0.085599 0.00261186 
0.085599 0.00261427 
0.085599 0.00261668 
0.085599 0.0026191 
0.085705 0.0024599 
0.085705 0.00246231 
0.085705 0.00246472 
0.085705 0.00246714 
0.085705 0.00246955 
0.085705 0.00247196 
0.085705 0.00247437 
0.085705 0.00247678 
0.085705 0.0024792 
0.085705 0.00248161 
0.085705 0.00248402 
0.085705 0.00248643 
0.085705 0.00248884 
0.085705 0.00249126 
0.085705 0.00249367 
0.085705 0.00249608 
0.085705 0.00249849 
0.085705 0.0025009 
0.085705 0.00250332 
0.085705 0.00250573 
0.085705 0.00250814 
0.085705 0.00251055 
0.085705 0.00251296 
0.085705 0.00251538 
0.085705 0.00251779 
0.085705 0.0025202 
0.085705 0.00252261 
0.085705 0.00252503 
0.085705 0.00252744 
0.085705 0.00252985 
0.085705 0.00253226 
0.085705 0.00253467 
0.085705 0.00253709 
0.085705 0.0025395 
0.085705 0.00254191 
0.085705 0.00254432 
0.085705 0.00254673 
0.085705 0.00254915 
0.085705 0.00255156 
0.085705 0.00255397 
0.085705 0.00255638 
0.085705 0.00255879 
0.085705 0.00256121 
0.085705 0.00256362 
0.085705 0.00256603 
0.085705 0.00256844 
0.085705 0.00257085 
0.085705 0.00257327 
0.085705 0.00257568 
0.085705 0.00257809 
0.085705 0.0025805 
0.085705 0.00258291 
0.085705 0.00258533 
0.085705 0.00258774 
0.085705 0.00259015 
0.085705 0.00259256 
0.085705 0.00259497 
0.085705 0.00259739 
0.085705 0.0025998 
0.085705 0.00260221 
0.085705 0.00260462 
0.085705 0.00260704 
0.085705 0.00260945 
0.085705 0.00261186 
0.085705 0.00261427 
0.085705 0.00261668 
0.085705 0.0026191 
0.085811 0.00245749 
0.085811 0.0024599 
0.085811 0.00246231 
0.085811 0.00246472 
0.085811 0.00246714 
0.085811 0.00246955 
0.085811 0.00247196 
0.085811 0.00247437 
0.085811 0.00247678 
0.085811 0.0024792 
0.085811 0.00248161 
0.085811 0.00248402 
0.085811 0.00248643 
0.085811 0.00248884 
0.085811 0.00249126 
0.085811 0.00249367 
0.085811 0.00249608 
0.085811 0.00249849 
0.085811 0.0025009 
0.085811 0.00250332 
0.085811 0.00250573 
0.085811 0.00250814 
0.085811 0.00251055 
0.085811 0.00251296 
0.085811 0.00251538 
0.085811 0.00251779 
0.085811 0.0025202 
0.085811 0.00252261 
0.085811 0.00252503 
0.085811 0.00252744 
0.085811 0.00252985 
0.085811 0.00253226 
0.085811 0.00253467 
0.085811 0.00253709 
0.085811 0.0025395 
0.085811 0.00254191 
0.085811 0.00254432 
0.085811 0.00254673 
0.085811 0.00254915 
0.085811 0.00255156 
0.085811 0.00255397 
0.085811 0.00255638 
0.085811 0.00255879 
0.085811 0.00256121 
0.085811 0.00256362 
0.085811 0.00256603 
0.085811 0.00256844 
0.085811 0.00257085 
0.085811 0.00257327 
0.085811 0.00257568 
0.085811 0.00257809 
0.085811 0.0025805 
0.085811 0.00258291 
0.085811 0.00258533 
0.085811 0.00258774 
0.085811 0.00259015 
0.085811 0.00259256 
0.085811 0.00259497 
0.085811 0.00259739 
0.085811 0.0025998 
0.085811 0.00260221 
0.085811 0.00260462 
0.085811 0.00260704 
0.085811 0.00260945 
0.085811 0.00261186 
0.085811 0.00261427 
0.085811 0.00261668 
0.085811 0.0026191 
0.085917 0.00245508 
0.085917 0.00245749 
0.085917 0.0024599 
0.085917 0.00246231 
0.085917 0.00246472 
0.085917 0.00246714 
0.085917 0.00246955 
0.085917 0.00247196 
0.085917 0.00247437 
0.085917 0.00247678 
0.085917 0.0024792 
0.085917 0.00248161 
0.085917 0.00248402 
0.085917 0.00248643 
0.085917 0.00248884 
0.085917 0.00249126 
0.085917 0.00249367 
0.085917 0.00249608 
0.085917 0.00249849 
0.085917 0.0025009 
0.085917 0.00250332 
0.085917 0.00250573 
0.085917 0.00250814 
0.085917 0.00251055 
0.085917 0.00251296 
0.085917 0.00251538 
0.085917 0.00251779 
0.085917 0.0025202 
0.085917 0.00252261 
0.085917 0.00252503 
0.085917 0.00252744 
0.085917 0.00252985 
0.085917 0.00253226 
0.085917 0.00253467 
0.085917 0.00253709 
0.085917 0.0025395 
0.085917 0.00254191 
0.085917 0.00254432 
0.085917 0.00254673 
0.085917 0.00254915 
0.085917 0.00255156 
0.085917 0.00255397 
0.085917 0.00255638 
0.085917 0.00255879 
0.085917 0.00256121 
0.085917 0.00256362 
0.085917 0.00256603 
0.085917 0.00256844 
0.085917 0.00257085 
0.085917 0.00257327 
0.085917 0.00257568 
0.085917 0.00257809 
0.085917 0.0025805 
0.085917 0.00258291 
0.085917 0.00258533 
0.085917 0.00258774 
0.085917 0.00259015 
0.085917 0.00259256 
0.085917 0.00259497 
0.085917 0.00259739 
0.085917 0.0025998 
0.085917 0.00260221 
0.085917 0.00260462 
0.085917 0.00260704 
0.085917 0.00260945 
0.085917 0.00261186 
0.085917 0.00261427 
0.085917 0.00261668 
0.085917 0.0026191 
0.085917 0.00262151 
0.086023 0.00245266 
0.086023 0.00245508 
0.086023 0.00245749 
0.086023 0.0024599 
0.086023 0.00246231 
0.086023 0.00246472 
0.086023 0.00246714 
0.086023 0.00246955 
0.086023 0.00247196 
0.086023 0.00247437 
0.086023 0.00247678 
0.086023 0.0024792 
0.086023 0.00248161 
0.086023 0.00248402 
0.086023 0.00248643 
0.086023 0.00248884 
0.086023 0.00249126 
0.086023 0.00249367 
0.086023 0.00249608 
0.086023 0.00249849 
0.086023 0.0025009 
0.086023 0.00250332 
0.086023 0.00250573 
0.086023 0.00250814 
0.086023 0.00251055 
0.086023 0.00251296 
0.086023 0.00251538 
0.086023 0.00251779 
0.086023 0.0025202 
0.086023 0.00252261 
0.086023 0.00252503 
0.086023 0.00252744 
0.086023 0.00252985 
0.086023 0.00253226 
0.086023 0.00253467 
0.086023 0.00253709 
0.086023 0.0025395 
0.086023 0.00254191 
0.086023 0.00254432 
0.086023 0.00254673 
0.086023 0.00254915 
0.086023 0.00255156 
0.086023 0.00255397 
0.086023 0.00255638 
0.086023 0.00255879 
0.086023 0.00256121 
0.086023 0.00256362 
0.086023 0.00256603 
0.086023 0.00256844 
0.086023 0.00257085 
0.086023 0.00257327 
0.086023 0.00257568 
0.086023 0.00257809 
0.086023 0.0025805 
0.086023 0.00258291 
0.086023 0.00258533 
0.086023 0.00258774 
0.086023 0.00259015 
0.086023 0.00259256 
0.086023 0.00259497 
0.086023 0.00259739 
0.086023 0.0025998 
0.086023 0.00260221 
0.086023 0.00260462 
0.086023 0.00260704 
0.086023 0.00260945 
0.086023 0.00261186 
0.086023 0.00261427 
0.086023 0.00261668 
0.086023 0.0026191 
0.086023 0.00262151 
0.086129 0.00244784 
0.086129 0.00245025 
0.086129 0.00245266 
0.086129 0.00245508 
0.086129 0.00245749 
0.086129 0.0024599 
0.086129 0.00246231 
0.086129 0.00246472 
0.086129 0.00246714 
0.086129 0.00246955 
0.086129 0.00247196 
0.086129 0.00247437 
0.086129 0.00247678 
0.086129 0.0024792 
0.086129 0.00248161 
0.086129 0.00248402 
0.086129 0.00248643 
0.086129 0.00248884 
0.086129 0.00249126 
0.086129 0.00249367 
0.086129 0.00249608 
0.086129 0.00249849 
0.086129 0.0025009 
0.086129 0.00250332 
0.086129 0.00250573 
0.086129 0.00250814 
0.086129 0.00251055 
0.086129 0.00251296 
0.086129 0.00251538 
0.086129 0.00251779 
0.086129 0.0025202 
0.086129 0.00252261 
0.086129 0.00252503 
0.086129 0.00252744 
0.086129 0.00252985 
0.086129 0.00253226 
0.086129 0.00253467 
0.086129 0.00253709 
0.086129 0.0025395 
0.086129 0.00254191 
0.086129 0.00254432 
0.086129 0.00254673 
0.086129 0.00254915 
0.086129 0.00255156 
0.086129 0.00255397 
0.086129 0.00255638 
0.086129 0.00255879 
0.086129 0.00256121 
0.086129 0.00256362 
0.086129 0.00256603 
0.086129 0.00256844 
0.086129 0.00257085 
0.086129 0.00257327 
0.086129 0.00257568 
0.086129 0.00257809 
0.086129 0.0025805 
0.086129 0.00258291 
0.086129 0.00258533 
0.086129 0.00258774 
0.086129 0.00259015 
0.086129 0.00259256 
0.086129 0.00259497 
0.086129 0.00259739 
0.086129 0.0025998 
0.086129 0.00260221 
0.086129 0.00260462 
0.086129 0.00260704 
0.086129 0.00260945 
0.086129 0.00261186 
0.086129 0.00261427 
0.086129 0.00261668 
0.086129 0.0026191 
0.086129 0.00262151 
0.086235 0.00244543 
0.086235 0.00244784 
0.086235 0.00245025 
0.086235 0.00245266 
0.086235 0.00245508 
0.086235 0.00245749 
0.086235 0.0024599 
0.086235 0.00246231 
0.086235 0.00246472 
0.086235 0.00246714 
0.086235 0.00246955 
0.086235 0.00247196 
0.086235 0.00247437 
0.086235 0.00247678 
0.086235 0.0024792 
0.086235 0.00248161 
0.086235 0.00248402 
0.086235 0.00248643 
0.086235 0.00248884 
0.086235 0.00249126 
0.086235 0.00249367 
0.086235 0.00249608 
0.086235 0.00249849 
0.086235 0.0025009 
0.086235 0.00250332 
0.086235 0.00250573 
0.086235 0.00250814 
0.086235 0.00251055 
0.086235 0.00251296 
0.086235 0.00251538 
0.086235 0.00251779 
0.086235 0.0025202 
0.086235 0.00252261 
0.086235 0.00252503 
0.086235 0.00252744 
0.086235 0.00252985 
0.086235 0.00253226 
0.086235 0.00253467 
0.086235 0.00253709 
0.086235 0.0025395 
0.086235 0.00254191 
0.086235 0.00254432 
0.086235 0.00254673 
0.086235 0.00254915 
0.086235 0.00255156 
0.086235 0.00255397 
0.086235 0.00255638 
0.086235 0.00255879 
0.086235 0.00256121 
0.086235 0.00256362 
0.086235 0.00256603 
0.086235 0.00256844 
0.086235 0.00257085 
0.086235 0.00257327 
0.086235 0.00257568 
0.086235 0.00257809 
0.086235 0.0025805 
0.086235 0.00258291 
0.086235 0.00258533 
0.086235 0.00258774 
0.086235 0.00259015 
0.086235 0.00259256 
0.086235 0.00259497 
0.086235 0.00259739 
0.086235 0.0025998 
0.086235 0.00260221 
0.086235 0.00260462 
0.086235 0.00260704 
0.086235 0.00260945 
0.086235 0.00261186 
0.086235 0.00261427 
0.086235 0.00261668 
0.086235 0.0026191 
0.086235 0.00262151 
0.086341 0.00244302 
0.086341 0.00244543 
0.086341 0.00244784 
0.086341 0.00245025 
0.086341 0.00245266 
0.086341 0.00245508 
0.086341 0.00245749 
0.086341 0.0024599 
0.086341 0.00246231 
0.086341 0.00246472 
0.086341 0.00246714 
0.086341 0.00246955 
0.086341 0.00247196 
0.086341 0.00247437 
0.086341 0.00247678 
0.086341 0.0024792 
0.086341 0.00248161 
0.086341 0.00248402 
0.086341 0.00248643 
0.086341 0.00248884 
0.086341 0.00249126 
0.086341 0.00249367 
0.086341 0.00249608 
0.086341 0.00249849 
0.086341 0.0025009 
0.086341 0.00250332 
0.086341 0.00250573 
0.086341 0.00250814 
0.086341 0.00251055 
0.086341 0.00251296 
0.086341 0.00251538 
0.086341 0.00251779 
0.086341 0.0025202 
0.086341 0.00252261 
0.086341 0.00252503 
0.086341 0.00252744 
0.086341 0.00252985 
0.086341 0.00253226 
0.086341 0.00253467 
0.086341 0.00253709 
0.086341 0.0025395 
0.086341 0.00254191 
0.086341 0.00254432 
0.086341 0.00254673 
0.086341 0.00254915 
0.086341 0.00255156 
0.086341 0.00255397 
0.086341 0.00255638 
0.086341 0.00255879 
0.086341 0.00256121 
0.086341 0.00256362 
0.086341 0.00256603 
0.086341 0.00256844 
0.086341 0.00257085 
0.086341 0.00257327 
0.086341 0.00257568 
0.086341 0.00257809 
0.086341 0.0025805 
0.086341 0.00258291 
0.086341 0.00258533 
0.086341 0.00258774 
0.086341 0.00259015 
0.086341 0.00259256 
0.086341 0.00259497 
0.086341 0.00259739 
0.086341 0.0025998 
0.086341 0.00260221 
0.086341 0.00260462 
0.086341 0.00260704 
0.086341 0.00260945 
0.086341 0.00261186 
0.086341 0.00261427 
0.086341 0.00261668 
0.086341 0.0026191 
0.086341 0.00262151 
0.086341 0.00262392 
0.086447 0.0024406 
0.086447 0.00244302 
0.086447 0.00244543 
0.086447 0.00244784 
0.086447 0.00245025 
0.086447 0.00245266 
0.086447 0.00245508 
0.086447 0.00245749 
0.086447 0.0024599 
0.086447 0.00246231 
0.086447 0.00246472 
0.086447 0.00246714 
0.086447 0.00246955 
0.086447 0.00247196 
0.086447 0.00247437 
0.086447 0.00247678 
0.086447 0.0024792 
0.086447 0.00248161 
0.086447 0.00248402 
0.086447 0.00248643 
0.086447 0.00248884 
0.086447 0.00249126 
0.086447 0.00249367 
0.086447 0.00249608 
0.086447 0.00249849 
0.086447 0.0025009 
0.086447 0.00250332 
0.086447 0.00250573 
0.086447 0.00250814 
0.086447 0.00251055 
0.086447 0.00251296 
0.086447 0.00251538 
0.086447 0.00251779 
0.086447 0.0025202 
0.086447 0.00252261 
0.086447 0.00252503 
0.086447 0.00252744 
0.086447 0.00252985 
0.086447 0.00253226 
0.086447 0.00253467 
0.086447 0.00253709 
0.086447 0.0025395 
0.086447 0.00254191 
0.086447 0.00254432 
0.086447 0.00254673 
0.086447 0.00254915 
0.086447 0.00255156 
0.086447 0.00255397 
0.086447 0.00255638 
0.086447 0.00255879 
0.086447 0.00256121 
0.086447 0.00256362 
0.086447 0.00256603 
0.086447 0.00256844 
0.086447 0.00257085 
0.086447 0.00257327 
0.086447 0.00257568 
0.086447 0.00257809 
0.086447 0.0025805 
0.086447 0.00258291 
0.086447 0.00258533 
0.086447 0.00258774 
0.086447 0.00259015 
0.086447 0.00259256 
0.086447 0.00259497 
0.086447 0.00259739 
0.086447 0.0025998 
0.086447 0.00260221 
0.086447 0.00260462 
0.086447 0.00260704 
0.086447 0.00260945 
0.086447 0.00261186 
0.086447 0.00261427 
0.086447 0.00261668 
0.086447 0.0026191 
0.086447 0.00262151 
0.086447 0.00262392 
0.086553 0.0024406 
0.086553 0.00244302 
0.086553 0.00244543 
0.086553 0.00244784 
0.086553 0.00245025 
0.086553 0.00245266 
0.086553 0.00245508 
0.086553 0.00245749 
0.086553 0.0024599 
0.086553 0.00246231 
0.086553 0.00246472 
0.086553 0.00246714 
0.086553 0.00246955 
0.086553 0.00247196 
0.086553 0.00247437 
0.086553 0.00247678 
0.086553 0.0024792 
0.086553 0.00248161 
0.086553 0.00248402 
0.086553 0.00248643 
0.086553 0.00248884 
0.086553 0.00249126 
0.086553 0.00249367 
0.086553 0.00249608 
0.086553 0.00249849 
0.086553 0.0025009 
0.086553 0.00250332 
0.086553 0.00250573 
0.086553 0.00250814 
0.086553 0.00251055 
0.086553 0.00251296 
0.086553 0.00251538 
0.086553 0.00251779 
0.086553 0.0025202 
0.086553 0.00252261 
0.086553 0.00252503 
0.086553 0.00252744 
0.086553 0.00252985 
0.086553 0.00253226 
0.086553 0.00253467 
0.086553 0.00253709 
0.086553 0.0025395 
0.086553 0.00254191 
0.086553 0.00254432 
0.086553 0.00254673 
0.086553 0.00254915 
0.086553 0.00255156 
0.086553 0.00255397 
0.086553 0.00255638 
0.086553 0.00255879 
0.086553 0.00256121 
0.086553 0.00256362 
0.086553 0.00256603 
0.086553 0.00256844 
0.086553 0.00257085 
0.086553 0.00257327 
0.086553 0.00257568 
0.086553 0.00257809 
0.086553 0.0025805 
0.086553 0.00258291 
0.086553 0.00258533 
0.086553 0.00258774 
0.086553 0.00259015 
0.086553 0.00259256 
0.086553 0.00259497 
0.086553 0.00259739 
0.086553 0.0025998 
0.086553 0.00260221 
0.086553 0.00260462 
0.086553 0.00260704 
0.086553 0.00260945 
0.086553 0.00261186 
0.086553 0.00261427 
0.086553 0.00261668 
0.086553 0.0026191 
0.086553 0.00262151 
0.086553 0.00262392 
0.0866589 0.0024406 
0.0866589 0.00244302 
0.0866589 0.00244543 
0.0866589 0.00244784 
0.0866589 0.00245025 
0.0866589 0.00245266 
0.0866589 0.00245508 
0.0866589 0.00245749 
0.0866589 0.0024599 
0.0866589 0.00246231 
0.0866589 0.00246472 
0.0866589 0.00246714 
0.0866589 0.00246955 
0.0866589 0.00247196 
0.0866589 0.00247437 
0.0866589 0.00247678 
0.0866589 0.0024792 
0.0866589 0.00248161 
0.0866589 0.00248402 
0.0866589 0.00248643 
0.0866589 0.00248884 
0.0866589 0.00249126 
0.0866589 0.00249367 
0.0866589 0.00249608 
0.0866589 0.00249849 
0.0866589 0.0025009 
0.0866589 0.00250332 
0.0866589 0.00250573 
0.0866589 0.00250814 
0.0866589 0.00251055 
0.0866589 0.00251296 
0.0866589 0.00251538 
0.0866589 0.00251779 
0.0866589 0.0025202 
0.0866589 0.00252261 
0.0866589 0.00252503 
0.0866589 0.00252744 
0.0866589 0.00252985 
0.0866589 0.00253226 
0.0866589 0.00253467 
0.0866589 0.00253709 
0.0866589 0.0025395 
0.0866589 0.00254191 
0.0866589 0.00254432 
0.0866589 0.00254673 
0.0866589 0.00254915 
0.0866589 0.00255156 
0.0866589 0.00255397 
0.0866589 0.00255638 
0.0866589 0.00255879 
0.0866589 0.00256121 
0.0866589 0.00256362 
0.0866589 0.00256603 
0.0866589 0.00256844 
0.0866589 0.00257085 
0.0866589 0.00257327 
0.0866589 0.00257568 
0.0866589 0.00257809 
0.0866589 0.0025805 
0.0866589 0.00258291 
0.0866589 0.00258533 
0.0866589 0.00258774 
0.0866589 0.00259015 
0.0866589 0.00259256 
0.0866589 0.00259497 
0.0866589 0.00259739 
0.0866589 0.0025998 
0.0866589 0.00260221 
0.0866589 0.00260462 
0.0866589 0.00260704 
0.0866589 0.00260945 
0.0866589 0.00261186 
0.0866589 0.00261427 
0.0866589 0.00261668 
0.0866589 0.0026191 
0.0866589 0.00262151 
0.0866589 0.00262392 
0.0867649 0.00243819 
0.0867649 0.0024406 
0.0867649 0.00244302 
0.0867649 0.00244543 
0.0867649 0.00244784 
0.0867649 0.00245025 
0.0867649 0.00245266 
0.0867649 0.00245508 
0.0867649 0.00245749 
0.0867649 0.0024599 
0.0867649 0.00246231 
0.0867649 0.00246472 
0.0867649 0.00246714 
0.0867649 0.00246955 
0.0867649 0.00247196 
0.0867649 0.00247437 
0.0867649 0.00247678 
0.0867649 0.0024792 
0.0867649 0.00248161 
0.0867649 0.00248402 
0.0867649 0.00248643 
0.0867649 0.00248884 
0.0867649 0.00249126 
0.0867649 0.00249367 
0.0867649 0.00249608 
0.0867649 0.00249849 
0.0867649 0.0025009 
0.0867649 0.00250332 
0.0867649 0.00250573 
0.0867649 0.00250814 
0.0867649 0.00251055 
0.0867649 0.00251296 
0.0867649 0.00251538 
0.0867649 0.00251779 
0.0867649 0.0025202 
0.0867649 0.00252261 
0.0867649 0.00252503 
0.0867649 0.00252744 
0.0867649 0.00252985 
0.0867649 0.00253226 
0.0867649 0.00253467 
0.0867649 0.00253709 
0.0867649 0.0025395 
0.0867649 0.00254191 
0.0867649 0.00254432 
0.0867649 0.00254673 
0.0867649 0.00254915 
0.0867649 0.00255156 
0.0867649 0.00255397 
0.0867649 0.00255638 
0.0867649 0.00255879 
0.0867649 0.00256121 
0.0867649 0.00256362 
0.0867649 0.00256603 
0.0867649 0.00256844 
0.0867649 0.00257085 
0.0867649 0.00257327 
0.0867649 0.00257568 
0.0867649 0.00257809 
0.0867649 0.0025805 
0.0867649 0.00258291 
0.0867649 0.00258533 
0.0867649 0.00258774 
0.0867649 0.00259015 
0.0867649 0.00259256 
0.0867649 0.00259497 
0.0867649 0.00259739 
0.0867649 0.0025998 
0.0867649 0.00260221 
0.0867649 0.00260462 
0.0867649 0.00260704 
0.0867649 0.00260945 
0.0867649 0.00261186 
0.0867649 0.00261427 
0.0867649 0.00261668 
0.0867649 0.0026191 
0.0867649 0.00262151 
0.0867649 0.00262392 
0.0867649 0.00262633 
0.0868709 0.00243819 
0.0868709 0.0024406 
0.0868709 0.00244302 
0.0868709 0.00244543 
0.0868709 0.00244784 
0.0868709 0.00245025 
0.0868709 0.00245266 
0.0868709 0.00245508 
0.0868709 0.00245749 
0.0868709 0.0024599 
0.0868709 0.00246231 
0.0868709 0.00246472 
0.0868709 0.00246714 
0.0868709 0.00246955 
0.0868709 0.00247196 
0.0868709 0.00247437 
0.0868709 0.00247678 
0.0868709 0.0024792 
0.0868709 0.00248161 
0.0868709 0.00248402 
0.0868709 0.00248643 
0.0868709 0.00248884 
0.0868709 0.00249126 
0.0868709 0.00249367 
0.0868709 0.00249608 
0.0868709 0.00249849 
0.0868709 0.0025009 
0.0868709 0.00250332 
0.0868709 0.00250573 
0.0868709 0.00250814 
0.0868709 0.00251055 
0.0868709 0.00251296 
0.0868709 0.00251538 
0.0868709 0.00251779 
0.0868709 0.0025202 
0.0868709 0.00252261 
0.0868709 0.00252503 
0.0868709 0.00252744 
0.0868709 0.00252985 
0.0868709 0.00253226 
0.0868709 0.00253467 
0.0868709 0.00253709 
0.0868709 0.0025395 
0.0868709 0.00254191 
0.0868709 0.00254432 
0.0868709 0.00254673 
0.0868709 0.00254915 
0.0868709 0.00255156 
0.0868709 0.00255397 
0.0868709 0.00255638 
0.0868709 0.00255879 
0.0868709 0.00256121 
0.0868709 0.00256362 
0.0868709 0.00256603 
0.0868709 0.00256844 
0.0868709 0.00257085 
0.0868709 0.00257327 
0.0868709 0.00257568 
0.0868709 0.00257809 
0.0868709 0.0025805 
0.0868709 0.00258291 
0.0868709 0.00258533 
0.0868709 0.00258774 
0.0868709 0.00259015 
0.0868709 0.00259256 
0.0868709 0.00259497 
0.0868709 0.00259739 
0.0868709 0.0025998 
0.0868709 0.00260221 
0.0868709 0.00260462 
0.0868709 0.00260704 
0.0868709 0.00260945 
0.0868709 0.00261186 
0.0868709 0.00261427 
0.0868709 0.00261668 
0.0868709 0.0026191 
0.0868709 0.00262151 
0.0868709 0.00262392 
0.0868709 0.00262633 
0.0869769 0.00243819 
0.0869769 0.0024406 
0.0869769 0.00244302 
0.0869769 0.00244543 
0.0869769 0.00244784 
0.0869769 0.00245025 
0.0869769 0.00245266 
0.0869769 0.00245508 
0.0869769 0.00245749 
0.0869769 0.0024599 
0.0869769 0.00246231 
0.0869769 0.00246472 
0.0869769 0.00246714 
0.0869769 0.00246955 
0.0869769 0.00247196 
0.0869769 0.00247437 
0.0869769 0.00247678 
0.0869769 0.0024792 
0.0869769 0.00248161 
0.0869769 0.00248402 
0.0869769 0.00248643 
0.0869769 0.00248884 
0.0869769 0.00249126 
0.0869769 0.00249367 
0.0869769 0.00249608 
0.0869769 0.00249849 
0.0869769 0.0025009 
0.0869769 0.00250332 
0.0869769 0.00250573 
0.0869769 0.00250814 
0.0869769 0.00251055 
0.0869769 0.00251296 
0.0869769 0.00251538 
0.0869769 0.00251779 
0.0869769 0.0025202 
0.0869769 0.00252261 
0.0869769 0.00252503 
0.0869769 0.00252744 
0.0869769 0.00252985 
0.0869769 0.00253226 
0.0869769 0.00253467 
0.0869769 0.00253709 
0.0869769 0.0025395 
0.0869769 0.00254191 
0.0869769 0.00254432 
0.0869769 0.00254673 
0.0869769 0.00254915 
0.0869769 0.00255156 
0.0869769 0.00255397 
0.0869769 0.00255638 
0.0869769 0.00255879 
0.0869769 0.00256121 
0.0869769 0.00256362 
0.0869769 0.00256603 
0.0869769 0.00256844 
0.0869769 0.00257085 
0.0869769 0.00257327 
0.0869769 0.00257568 
0.0869769 0.00257809 
0.0869769 0.0025805 
0.0869769 0.00258291 
0.0869769 0.00258533 
0.0869769 0.00258774 
0.0869769 0.00259015 
0.0869769 0.00259256 
0.0869769 0.00259497 
0.0869769 0.00259739 
0.0869769 0.0025998 
0.0869769 0.00260221 
0.0869769 0.00260462 
0.0869769 0.00260704 
0.0869769 0.00260945 
0.0869769 0.00261186 
0.0869769 0.00261427 
0.0869769 0.00261668 
0.0869769 0.0026191 
0.0869769 0.00262151 
0.0869769 0.00262392 
0.0869769 0.00262633 
0.0870829 0.00243578 
0.0870829 0.00243819 
0.0870829 0.0024406 
0.0870829 0.00244302 
0.0870829 0.00244543 
0.0870829 0.00244784 
0.0870829 0.00245025 
0.0870829 0.00245266 
0.0870829 0.00245508 
0.0870829 0.00245749 
0.0870829 0.0024599 
0.0870829 0.00246231 
0.0870829 0.00246472 
0.0870829 0.00246714 
0.0870829 0.00246955 
0.0870829 0.00247196 
0.0870829 0.00247437 
0.0870829 0.00247678 
0.0870829 0.0024792 
0.0870829 0.00248161 
0.0870829 0.00248402 
0.0870829 0.00248643 
0.0870829 0.00248884 
0.0870829 0.00249126 
0.0870829 0.00249367 
0.0870829 0.00249608 
0.0870829 0.00249849 
0.0870829 0.0025009 
0.0870829 0.00250332 
0.0870829 0.00250573 
0.0870829 0.00250814 
0.0870829 0.00251055 
0.0870829 0.00251296 
0.0870829 0.00251538 
0.0870829 0.00251779 
0.0870829 0.0025202 
0.0870829 0.00252261 
0.0870829 0.00252503 
0.0870829 0.00252744 
0.0870829 0.00252985 
0.0870829 0.00253226 
0.0870829 0.00253467 
0.0870829 0.00253709 
0.0870829 0.0025395 
0.0870829 0.00254191 
0.0870829 0.00254432 
0.0870829 0.00254673 
0.0870829 0.00254915 
0.0870829 0.00255156 
0.0870829 0.00255397 
0.0870829 0.00255638 
0.0870829 0.00255879 
0.0870829 0.00256121 
0.0870829 0.00256362 
0.0870829 0.00256603 
0.0870829 0.00256844 
0.0870829 0.00257085 
0.0870829 0.00257327 
0.0870829 0.00257568 
0.0870829 0.00257809 
0.0870829 0.0025805 
0.0870829 0.00258291 
0.0870829 0.00258533 
0.0870829 0.00258774 
0.0870829 0.00259015 
0.0870829 0.00259256 
0.0870829 0.00259497 
0.0870829 0.00259739 
0.0870829 0.0025998 
0.0870829 0.00260221 
0.0870829 0.00260462 
0.0870829 0.00260704 
0.0870829 0.00260945 
0.0870829 0.00261186 
0.0870829 0.00261427 
0.0870829 0.00261668 
0.0870829 0.0026191 
0.0870829 0.00262151 
0.0870829 0.00262392 
0.0870829 0.00262633 
0.0871889 0.00243578 
0.0871889 0.00243819 
0.0871889 0.0024406 
0.0871889 0.00244302 
0.0871889 0.00244543 
0.0871889 0.00244784 
0.0871889 0.00245025 
0.0871889 0.00245266 
0.0871889 0.00245508 
0.0871889 0.00245749 
0.0871889 0.0024599 
0.0871889 0.00246231 
0.0871889 0.00246472 
0.0871889 0.00246714 
0.0871889 0.00246955 
0.0871889 0.00247196 
0.0871889 0.00247437 
0.0871889 0.00247678 
0.0871889 0.0024792 
0.0871889 0.00248161 
0.0871889 0.00248402 
0.0871889 0.00248643 
0.0871889 0.00248884 
0.0871889 0.00249126 
0.0871889 0.00249367 
0.0871889 0.00249608 
0.0871889 0.00249849 
0.0871889 0.0025009 
0.0871889 0.00250332 
0.0871889 0.00250573 
0.0871889 0.00250814 
0.0871889 0.00251055 
0.0871889 0.00251296 
0.0871889 0.00251538 
0.0871889 0.00251779 
0.0871889 0.0025202 
0.0871889 0.00252261 
0.0871889 0.00252503 
0.0871889 0.00252744 
0.0871889 0.00252985 
0.0871889 0.00253226 
0.0871889 0.00253467 
0.0871889 0.00253709 
0.0871889 0.0025395 
0.0871889 0.00254191 
0.0871889 0.00254432 
0.0871889 0.00254673 
0.0871889 0.00254915 
0.0871889 0.00255156 
0.0871889 0.00255397 
0.0871889 0.00255638 
0.0871889 0.00255879 
0.0871889 0.00256121 
0.0871889 0.00256362 
0.0871889 0.00256603 
0.0871889 0.00256844 
0.0871889 0.00257085 
0.0871889 0.00257327 
0.0871889 0.00257568 
0.0871889 0.00257809 
0.0871889 0.0025805 
0.0871889 0.00258291 
0.0871889 0.00258533 
0.0871889 0.00258774 
0.0871889 0.00259015 
0.0871889 0.00259256 
0.0871889 0.00259497 
0.0871889 0.00259739 
0.0871889 0.0025998 
0.0871889 0.00260221 
0.0871889 0.00260462 
0.0871889 0.00260704 
0.0871889 0.00260945 
0.0871889 0.00261186 
0.0871889 0.00261427 
0.0871889 0.00261668 
0.0871889 0.0026191 
0.0871889 0.00262151 
0.0871889 0.00262392 
0.0871889 0.00262633 
0.0872949 0.00243819 
0.0872949 0.0024406 
0.0872949 0.00244302 
0.0872949 0.00244543 
0.0872949 0.00244784 
0.0872949 0.00245025 
0.0872949 0.00245266 
0.0872949 0.00245508 
0.0872949 0.00245749 
0.0872949 0.0024599 
0.0872949 0.00246231 
0.0872949 0.00246472 
0.0872949 0.00246714 
0.0872949 0.00246955 
0.0872949 0.00247196 
0.0872949 0.00247437 
0.0872949 0.00247678 
0.0872949 0.0024792 
0.0872949 0.00248161 
0.0872949 0.00248402 
0.0872949 0.00248643 
0.0872949 0.00248884 
0.0872949 0.00249126 
0.0872949 0.00249367 
0.0872949 0.00249608 
0.0872949 0.00249849 
0.0872949 0.0025009 
0.0872949 0.00250332 
0.0872949 0.00250573 
0.0872949 0.00250814 
0.0872949 0.00251055 
0.0872949 0.00251296 
0.0872949 0.00251538 
0.0872949 0.00251779 
0.0872949 0.0025202 
0.0872949 0.00252261 
0.0872949 0.00252503 
0.0872949 0.00252744 
0.0872949 0.00252985 
0.0872949 0.00253226 
0.0872949 0.00253467 
0.0872949 0.00253709 
0.0872949 0.0025395 
0.0872949 0.00254191 
0.0872949 0.00254432 
0.0872949 0.00254673 
0.0872949 0.00254915 
0.0872949 0.00255156 
0.0872949 0.00255397 
0.0872949 0.00255638 
0.0872949 0.00255879 
0.0872949 0.00256121 
0.0872949 0.00256362 
0.0872949 0.00256603 
0.0872949 0.00256844 
0.0872949 0.00257085 
0.0872949 0.00257327 
0.0872949 0.00257568 
0.0872949 0.00257809 
0.0872949 0.0025805 
0.0872949 0.00258291 
0.0872949 0.00258533 
0.0872949 0.00258774 
0.0872949 0.00259015 
0.0872949 0.00259256 
0.0872949 0.00259497 
0.0872949 0.00259739 
0.0872949 0.0025998 
0.0872949 0.00260221 
0.0872949 0.00260462 
0.0872949 0.00260704 
0.0872949 0.00260945 
0.0872949 0.00261186 
0.0872949 0.00261427 
0.0872949 0.00261668 
0.0872949 0.0026191 
0.0872949 0.00262151 
0.0872949 0.00262392 
0.0874009 0.00243819 
0.0874009 0.0024406 
0.0874009 0.00244302 
0.0874009 0.00244543 
0.0874009 0.00244784 
0.0874009 0.00245025 
0.0874009 0.00245266 
0.0874009 0.00245508 
0.0874009 0.00245749 
0.0874009 0.0024599 
0.0874009 0.00246231 
0.0874009 0.00246472 
0.0874009 0.00246714 
0.0874009 0.00246955 
0.0874009 0.00247196 
0.0874009 0.00247437 
0.0874009 0.00247678 
0.0874009 0.0024792 
0.0874009 0.00248161 
0.0874009 0.00248402 
0.0874009 0.00248643 
0.0874009 0.00248884 
0.0874009 0.00249126 
0.0874009 0.00249367 
0.0874009 0.00249608 
0.0874009 0.00249849 
0.0874009 0.0025009 
0.0874009 0.00250332 
0.0874009 0.00250573 
0.0874009 0.00250814 
0.0874009 0.00251055 
0.0874009 0.00251296 
0.0874009 0.00251538 
0.0874009 0.00251779 
0.0874009 0.0025202 
0.0874009 0.00252261 
0.0874009 0.00252503 
0.0874009 0.00252744 
0.0874009 0.00252985 
0.0874009 0.00253226 
0.0874009 0.00253467 
0.0874009 0.00253709 
0.0874009 0.0025395 
0.0874009 0.00254191 
0.0874009 0.00254432 
0.0874009 0.00254673 
0.0874009 0.00254915 
0.0874009 0.00255156 
0.0874009 0.00255397 
0.0874009 0.00255638 
0.0874009 0.00255879 
0.0874009 0.00256121 
0.0874009 0.00256362 
0.0874009 0.00256603 
0.0874009 0.00256844 
0.0874009 0.00257085 
0.0874009 0.00257327 
0.0874009 0.00257568 
0.0874009 0.00257809 
0.0874009 0.0025805 
0.0874009 0.00258291 
0.0874009 0.00258533 
0.0874009 0.00258774 
0.0874009 0.00259015 
0.0874009 0.00259256 
0.0874009 0.00259497 
0.0874009 0.00259739 
0.0874009 0.0025998 
0.0874009 0.00260221 
0.0874009 0.00260462 
0.0874009 0.00260704 
0.0874009 0.00260945 
0.0874009 0.00261186 
0.0874009 0.00261427 
0.0874009 0.00261668 
0.0874009 0.0026191 
0.0874009 0.00262151 
0.0875069 0.0024406 
0.0875069 0.00244302 
0.0875069 0.00244543 
0.0875069 0.00244784 
0.0875069 0.00245025 
0.0875069 0.00245266 
0.0875069 0.00245508 
0.0875069 0.00245749 
0.0875069 0.0024599 
0.0875069 0.00246231 
0.0875069 0.00246472 
0.0875069 0.00246714 
0.0875069 0.00246955 
0.0875069 0.00247196 
0.0875069 0.00247437 
0.0875069 0.00247678 
0.0875069 0.0024792 
0.0875069 0.00248161 
0.0875069 0.00248402 
0.0875069 0.00248643 
0.0875069 0.00248884 
0.0875069 0.00249126 
0.0875069 0.00249367 
0.0875069 0.00249608 
0.0875069 0.00249849 
0.0875069 0.0025009 
0.0875069 0.00250332 
0.0875069 0.00250573 
0.0875069 0.00250814 
0.0875069 0.00251055 
0.0875069 0.00251296 
0.0875069 0.00251538 
0.0875069 0.00251779 
0.0875069 0.0025202 
0.0875069 0.00252261 
0.0875069 0.00252503 
0.0875069 0.00252744 
0.0875069 0.00252985 
0.0875069 0.00253226 
0.0875069 0.00253467 
0.0875069 0.00253709 
0.0875069 0.0025395 
0.0875069 0.00254191 
0.0875069 0.00254432 
0.0875069 0.00254673 
0.0875069 0.00254915 
0.0875069 0.00255156 
0.0875069 0.00255397 
0.0875069 0.00255638 
0.0875069 0.00255879 
0.0875069 0.00256121 
0.0875069 0.00256362 
0.0875069 0.00256603 
0.0875069 0.00256844 
0.0875069 0.00257085 
0.0875069 0.00257327 
0.0875069 0.00257568 
0.0875069 0.00257809 
0.0875069 0.0025805 
0.0875069 0.00258291 
0.0875069 0.00258533 
0.0875069 0.00258774 
0.0875069 0.00259015 
0.0875069 0.00259256 
0.0875069 0.00259497 
0.0875069 0.00259739 
0.0875069 0.0025998 
0.0875069 0.00260221 
0.0875069 0.00260462 
0.0875069 0.00260704 
0.0875069 0.00260945 
0.0875069 0.00261186 
0.0875069 0.00261427 
0.0875069 0.00261668 
0.0876129 0.0024406 
0.0876129 0.00244302 
0.0876129 0.00244543 
0.0876129 0.00244784 
0.0876129 0.00245025 
0.0876129 0.00245266 
0.0876129 0.00245508 
0.0876129 0.00245749 
0.0876129 0.0024599 
0.0876129 0.00246231 
0.0876129 0.00246472 
0.0876129 0.00246714 
0.0876129 0.00246955 
0.0876129 0.00247196 
0.0876129 0.00247437 
0.0876129 0.00247678 
0.0876129 0.0024792 
0.0876129 0.00248161 
0.0876129 0.00248402 
0.0876129 0.00248643 
0.0876129 0.00248884 
0.0876129 0.00249126 
0.0876129 0.00249367 
0.0876129 0.00249608 
0.0876129 0.00249849 
0.0876129 0.0025009 
0.0876129 0.00250332 
0.0876129 0.00250573 
0.0876129 0.00250814 
0.0876129 0.00251055 
0.0876129 0.00251296 
0.0876129 0.00251538 
0.0876129 0.00251779 
0.0876129 0.0025202 
0.0876129 0.00252261 
0.0876129 0.00252503 
0.0876129 0.00252744 
0.0876129 0.00252985 
0.0876129 0.00253226 
0.0876129 0.00253467 
0.0876129 0.00253709 
0.0876129 0.0025395 
0.0876129 0.00254191 
0.0876129 0.00254432 
0.0876129 0.00254673 
0.0876129 0.00254915 
0.0876129 0.00255156 
0.0876129 0.00255397 
0.0876129 0.00255638 
0.0876129 0.00255879 
0.0876129 0.00256121 
0.0876129 0.00256362 
0.0876129 0.00256603 
0.0876129 0.00256844 
0.0876129 0.00257085 
0.0876129 0.00257327 
0.0876129 0.00257568 
0.0876129 0.00257809 
0.0876129 0.0025805 
0.0876129 0.00258291 
0.0876129 0.00258533 
0.0876129 0.00258774 
0.0876129 0.00259015 
0.0876129 0.00259256 
0.0876129 0.00259497 
0.0876129 0.00259739 
0.0876129 0.0025998 
0.0876129 0.00260221 
0.0876129 0.00260462 
0.0876129 0.00260704 
0.0876129 0.00260945 
0.0876129 0.00261186 
0.0876129 0.00261427 
0.0877189 0.00244543 
0.0877189 0.00244784 
0.0877189 0.00245025 
0.0877189 0.00245266 
0.0877189 0.00245508 
0.0877189 0.00245749 
0.0877189 0.0024599 
0.0877189 0.00246231 
0.0877189 0.00246472 
0.0877189 0.00246714 
0.0877189 0.00246955 
0.0877189 0.00247196 
0.0877189 0.00247437 
0.0877189 0.00247678 
0.0877189 0.0024792 
0.0877189 0.00248161 
0.0877189 0.00248402 
0.0877189 0.00248643 
0.0877189 0.00248884 
0.0877189 0.00249126 
0.0877189 0.00249367 
0.0877189 0.00249608 
0.0877189 0.00249849 
0.0877189 0.0025009 
0.0877189 0.00250332 
0.0877189 0.00250573 
0.0877189 0.00250814 
0.0877189 0.00251055 
0.0877189 0.00251296 
0.0877189 0.00251538 
0.0877189 0.00251779 
0.0877189 0.0025202 
0.0877189 0.00252261 
0.0877189 0.00252503 
0.0877189 0.00252744 
0.0877189 0.00252985 
0.0877189 0.00253226 
0.0877189 0.00253467 
0.0877189 0.00253709 
0.0877189 0.0025395 
0.0877189 0.00254191 
0.0877189 0.00254432 
0.0877189 0.00254673 
0.0877189 0.00254915 
0.0877189 0.00255156 
0.0877189 0.00255397 
0.0877189 0.00255638 
0.0877189 0.00255879 
0.0877189 0.00256121 
0.0877189 0.00256362 
0.0877189 0.00256603 
0.0877189 0.00256844 
0.0877189 0.00257085 
0.0877189 0.00257327 
0.0877189 0.00257568 
0.0877189 0.00257809 
0.0877189 0.0025805 
0.0877189 0.00258291 
0.0877189 0.00258533 
0.0877189 0.00258774 
0.0877189 0.00259015 
0.0877189 0.00259256 
0.0877189 0.00259497 
0.0877189 0.00259739 
0.0877189 0.0025998 
0.0877189 0.00260221 
0.0877189 0.00260462 
0.0877189 0.00260704 
0.0877189 0.00260945 
0.0877189 0.00261186 
0.0878248 0.00245025 
0.0878248 0.00245266 
0.0878248 0.00245508 
0.0878248 0.00245749 
0.0878248 0.0024599 
0.0878248 0.00246231 
0.0878248 0.00246472 
0.0878248 0.00246714 
0.0878248 0.00246955 
0.0878248 0.00247196 
0.0878248 0.00247437 
0.0878248 0.00247678 
0.0878248 0.0024792 
0.0878248 0.00248161 
0.0878248 0.00248402 
0.0878248 0.00248643 
0.0878248 0.00248884 
0.0878248 0.00249126 
0.0878248 0.00249367 
0.0878248 0.00249608 
0.0878248 0.00249849 
0.0878248 0.0025009 
0.0878248 0.00250332 
0.0878248 0.00250573 
0.0878248 0.00250814 
0.0878248 0.00251055 
0.0878248 0.00251296 
0.0878248 0.00251538 
0.0878248 0.00251779 
0.0878248 0.0025202 
0.0878248 0.00252261 
0.0878248 0.00252503 
0.0878248 0.00252744 
0.0878248 0.00252985 
0.0878248 0.00253226 
0.0878248 0.00253467 
0.0878248 0.00253709 
0.0878248 0.0025395 
0.0878248 0.00254191 
0.0878248 0.00254432 
0.0878248 0.00254673 
0.0878248 0.00254915 
0.0878248 0.00255156 
0.0878248 0.00255397 
0.0878248 0.00255638 
0.0878248 0.00255879 
0.0878248 0.00256121 
0.0878248 0.00256362 
0.0878248 0.00256603 
0.0878248 0.00256844 
0.0878248 0.00257085 
0.0878248 0.00257327 
0.0878248 0.00257568 
0.0878248 0.00257809 
0.0878248 0.0025805 
0.0878248 0.00258291 
0.0878248 0.00258533 
0.0878248 0.00258774 
0.0878248 0.00259015 
0.0878248 0.00259256 
0.0878248 0.00259497 
0.0878248 0.00259739 
0.0878248 0.0025998 
0.0878248 0.00260221 
0.0878248 0.00260462 
0.0878248 0.00260704 
0.0878248 0.00260945 
0.0879308 0.00245508 
0.0879308 0.00245749 
0.0879308 0.0024599 
0.0879308 0.00246231 
0.0879308 0.00246472 
0.0879308 0.00246714 
0.0879308 0.00246955 
0.0879308 0.00247196 
0.0879308 0.00247437 
0.0879308 0.00247678 
0.0879308 0.0024792 
0.0879308 0.00248161 
0.0879308 0.00248402 
0.0879308 0.00248643 
0.0879308 0.00248884 
0.0879308 0.00249126 
0.0879308 0.00249367 
0.0879308 0.00249608 
0.0879308 0.00249849 
0.0879308 0.0025009 
0.0879308 0.00250332 
0.0879308 0.00250573 
0.0879308 0.00250814 
0.0879308 0.00251055 
0.0879308 0.00251296 
0.0879308 0.00251538 
0.0879308 0.00251779 
0.0879308 0.0025202 
0.0879308 0.00252261 
0.0879308 0.00252503 
0.0879308 0.00252744 
0.0879308 0.00252985 
0.0879308 0.00253226 
0.0879308 0.00253467 
0.0879308 0.00253709 
0.0879308 0.0025395 
0.0879308 0.00254191 
0.0879308 0.00254432 
0.0879308 0.00254673 
0.0879308 0.00254915 
0.0879308 0.00255156 
0.0879308 0.00255397 
0.0879308 0.00255638 
0.0879308 0.00255879 
0.0879308 0.00256121 
0.0879308 0.00256362 
0.0879308 0.00256603 
0.0879308 0.00256844 
0.0879308 0.00257085 
0.0879308 0.00257327 
0.0879308 0.00257568 
0.0879308 0.00257809 
0.0879308 0.0025805 
0.0879308 0.00258291 
0.0879308 0.00258533 
0.0879308 0.00258774 
0.0879308 0.00259015 
0.0879308 0.00259256 
0.0879308 0.00259497 
0.0879308 0.00259739 
0.0879308 0.0025998 
0.0879308 0.00260221 
0.0879308 0.00260462 
0.0880368 0.0024599 
0.0880368 0.00246231 
0.0880368 0.00246472 
0.0880368 0.00246714 
0.0880368 0.00246955 
0.0880368 0.00247196 
0.0880368 0.00247437 
0.0880368 0.00247678 
0.0880368 0.0024792 
0.0880368 0.00248161 
0.0880368 0.00248402 
0.0880368 0.00248643 
0.0880368 0.00248884 
0.0880368 0.00249126 
0.0880368 0.00249367 
0.0880368 0.00249608 
0.0880368 0.00249849 
0.0880368 0.0025009 
0.0880368 0.00250332 
0.0880368 0.00250573 
0.0880368 0.00250814 
0.0880368 0.00251055 
0.0880368 0.00251296 
0.0880368 0.00251538 
0.0880368 0.00251779 
0.0880368 0.0025202 
0.0880368 0.00252261 
0.0880368 0.00252503 
0.0880368 0.00252744 
0.0880368 0.00252985 
0.0880368 0.00253226 
0.0880368 0.00253467 
0.0880368 0.00253709 
0.0880368 0.0025395 
0.0880368 0.00254191 
0.0880368 0.00254432 
0.0880368 0.00254673 
0.0880368 0.00254915 
0.0880368 0.00255156 
0.0880368 0.00255397 
0.0880368 0.00255638 
0.0880368 0.00255879 
0.0880368 0.00256121 
0.0880368 0.00256362 
0.0880368 0.00256603 
0.0880368 0.00256844 
0.0880368 0.00257085 
0.0880368 0.00257327 
0.0880368 0.00257568 
0.0880368 0.00257809 
0.0880368 0.0025805 
0.0880368 0.00258291 
0.0880368 0.00258533 
0.0880368 0.00258774 
0.0880368 0.00259015 
0.0880368 0.00259256 
0.0880368 0.00259497 
0.0880368 0.00259739 
0.0880368 0.0025998 
0.0880368 0.00260221 
0.0881428 0.00246472 
0.0881428 0.00246714 
0.0881428 0.00246955 
0.0881428 0.00247196 
0.0881428 0.00247437 
0.0881428 0.00247678 
0.0881428 0.0024792 
0.0881428 0.00248161 
0.0881428 0.00248402 
0.0881428 0.00248643 
0.0881428 0.00248884 
0.0881428 0.00249126 
0.0881428 0.00249367 
0.0881428 0.00249608 
0.0881428 0.00249849 
0.0881428 0.0025009 
0.0881428 0.00250332 
0.0881428 0.00250573 
0.0881428 0.00250814 
0.0881428 0.00251055 
0.0881428 0.00251296 
0.0881428 0.00251538 
0.0881428 0.00251779 
0.0881428 0.0025202 
0.0881428 0.00252261 
0.0881428 0.00252503 
0.0881428 0.00252744 
0.0881428 0.00252985 
0.0881428 0.00253226 
0.0881428 0.00253467 
0.0881428 0.00253709 
0.0881428 0.0025395 
0.0881428 0.00254191 
0.0881428 0.00254432 
0.0881428 0.00254673 
0.0881428 0.00254915 
0.0881428 0.00255156 
0.0881428 0.00255397 
0.0881428 0.00255638 
0.0881428 0.00255879 
0.0881428 0.00256121 
0.0881428 0.00256362 
0.0881428 0.00256603 
0.0881428 0.00256844 
0.0881428 0.00257085 
0.0881428 0.00257327 
0.0881428 0.00257568 
0.0881428 0.00257809 
0.0881428 0.0025805 
0.0881428 0.00258291 
0.0881428 0.00258533 
0.0881428 0.00258774 
0.0881428 0.00259015 
0.0881428 0.00259256 
0.0881428 0.00259497 
0.0881428 0.00259739 
0.0881428 0.0025998 
0.0882488 0.00247196 
0.0882488 0.00247437 
0.0882488 0.00247678 
0.0882488 0.0024792 
0.0882488 0.00248161 
0.0882488 0.00248402 
0.0882488 0.00248643 
0.0882488 0.00248884 
0.0882488 0.00249126 
0.0882488 0.00249367 
0.0882488 0.00249608 
0.0882488 0.00249849 
0.0882488 0.0025009 
0.0882488 0.00250332 
0.0882488 0.00250573 
0.0882488 0.00250814 
0.0882488 0.00251055 
0.0882488 0.00251296 
0.0882488 0.00251538 
0.0882488 0.00251779 
0.0882488 0.0025202 
0.0882488 0.00252261 
0.0882488 0.00252503 
0.0882488 0.00252744 
0.0882488 0.00252985 
0.0882488 0.00253226 
0.0882488 0.00253467 
0.0882488 0.00253709 
0.0882488 0.0025395 
0.0882488 0.00254191 
0.0882488 0.00254432 
0.0882488 0.00254673 
0.0882488 0.00254915 
0.0882488 0.00255156 
0.0882488 0.00255397 
0.0882488 0.00255638 
0.0882488 0.00255879 
0.0882488 0.00256121 
0.0882488 0.00256362 
0.0882488 0.00256603 
0.0882488 0.00256844 
0.0882488 0.00257085 
0.0882488 0.00257327 
0.0882488 0.00257568 
0.0882488 0.00257809 
0.0882488 0.0025805 
0.0882488 0.00258291 
0.0882488 0.00258533 
0.0882488 0.00258774 
0.0882488 0.00259015 
0.0882488 0.00259256 
0.0882488 0.00259497 
0.0882488 0.00259739 
0.0883548 0.00247678 
0.0883548 0.0024792 
0.0883548 0.00248161 
0.0883548 0.00248402 
0.0883548 0.00248643 
0.0883548 0.00248884 
0.0883548 0.00249126 
0.0883548 0.00249367 
0.0883548 0.00249608 
0.0883548 0.00249849 
0.0883548 0.0025009 
0.0883548 0.00250332 
0.0883548 0.00250573 
0.0883548 0.00250814 
0.0883548 0.00251055 
0.0883548 0.00251296 
0.0883548 0.00251538 
0.0883548 0.00251779 
0.0883548 0.0025202 
0.0883548 0.00252261 
0.0883548 0.00252503 
0.0883548 0.00252744 
0.0883548 0.00252985 
0.0883548 0.00253226 
0.0883548 0.00253467 
0.0883548 0.00253709 
0.0883548 0.0025395 
0.0883548 0.00254191 
0.0883548 0.00254432 
0.0883548 0.00254673 
0.0883548 0.00254915 
0.0883548 0.00255156 
0.0883548 0.00255397 
0.0883548 0.00255638 
0.0883548 0.00255879 
0.0883548 0.00256121 
0.0883548 0.00256362 
0.0883548 0.00256603 
0.0883548 0.00256844 
0.0883548 0.00257085 
0.0883548 0.00257327 
0.0883548 0.00257568 
0.0883548 0.00257809 
0.0883548 0.0025805 
0.0883548 0.00258291 
0.0883548 0.00258533 
0.0883548 0.00258774 
0.0883548 0.00259015 
0.0883548 0.00259256 
0.0884608 0.00248161 
0.0884608 0.00248402 
0.0884608 0.00248643 
0.0884608 0.00248884 
0.0884608 0.00249126 
0.0884608 0.00249367 
0.0884608 0.00249608 
0.0884608 0.00249849 
0.0884608 0.0025009 
0.0884608 0.00250332 
0.0884608 0.00250573 
0.0884608 0.00250814 
0.0884608 0.00251055 
0.0884608 0.00251296 
0.0884608 0.00251538 
0.0884608 0.00251779 
0.0884608 0.0025202 
0.0884608 0.00252261 
0.0884608 0.00252503 
0.0884608 0.00252744 
0.0884608 0.00252985 
0.0884608 0.00253226 
0.0884608 0.00253467 
0.0884608 0.00253709 
0.0884608 0.0025395 
0.0884608 0.00254191 
0.0884608 0.00254432 
0.0884608 0.00254673 
0.0884608 0.00254915 
0.0884608 0.00255156 
0.0884608 0.00255397 
0.0884608 0.00255638 
0.0884608 0.00255879 
0.0884608 0.00256121 
0.0884608 0.00256362 
0.0884608 0.00256603 
0.0884608 0.00256844 
0.0884608 0.00257085 
0.0884608 0.00257327 
0.0884608 0.00257568 
0.0884608 0.00257809 
0.0884608 0.0025805 
0.0884608 0.00258291 
0.0884608 0.00258533 
0.0884608 0.00258774 
0.0884608 0.00259015 
0.0885668 0.00248884 
0.0885668 0.00249126 
0.0885668 0.00249367 
0.0885668 0.00249608 
0.0885668 0.00249849 
0.0885668 0.0025009 
0.0885668 0.00250332 
0.0885668 0.00250573 
0.0885668 0.00250814 
0.0885668 0.00251055 
0.0885668 0.00251296 
0.0885668 0.00251538 
0.0885668 0.00251779 
0.0885668 0.0025202 
0.0885668 0.00252261 
0.0885668 0.00252503 
0.0885668 0.00252744 
0.0885668 0.00252985 
0.0885668 0.00253226 
0.0885668 0.00253467 
0.0885668 0.00253709 
0.0885668 0.0025395 
0.0885668 0.00254191 
0.0885668 0.00254432 
0.0885668 0.00254673 
0.0885668 0.00254915 
0.0885668 0.00255156 
0.0885668 0.00255397 
0.0885668 0.00255638 
0.0885668 0.00255879 
0.0885668 0.00256121 
0.0885668 0.00256362 
0.0885668 0.00256603 
0.0885668 0.00256844 
0.0885668 0.00257085 
0.0885668 0.00257327 
0.0885668 0.00257568 
0.0885668 0.00257809 
0.0885668 0.0025805 
0.0885668 0.00258291 
0.0885668 0.00258533 
0.0885668 0.00258774 
0.0886728 0.00249367 
0.0886728 0.00249608 
0.0886728 0.00249849 
0.0886728 0.0025009 
0.0886728 0.00250332 
0.0886728 0.00250573 
0.0886728 0.00250814 
0.0886728 0.00251055 
0.0886728 0.00251296 
0.0886728 0.00251538 
0.0886728 0.00251779 
0.0886728 0.0025202 
0.0886728 0.00252261 
0.0886728 0.00252503 
0.0886728 0.00252744 
0.0886728 0.00252985 
0.0886728 0.00253226 
0.0886728 0.00253467 
0.0886728 0.00253709 
0.0886728 0.0025395 
0.0886728 0.00254191 
0.0886728 0.00254432 
0.0886728 0.00254673 
0.0886728 0.00254915 
0.0886728 0.00255156 
0.0886728 0.00255397 
0.0886728 0.00255638 
0.0886728 0.00255879 
0.0886728 0.00256121 
0.0886728 0.00256362 
0.0886728 0.00256603 
0.0886728 0.00256844 
0.0886728 0.00257085 
0.0886728 0.00257327 
0.0886728 0.00257568 
0.0886728 0.00257809 
0.0886728 0.0025805 
0.0886728 0.00258291 
0.0886728 0.00258533 
0.0887788 0.0025009 
0.0887788 0.00250332 
0.0887788 0.00250573 
0.0887788 0.00250814 
0.0887788 0.00251055 
0.0887788 0.00251296 
0.0887788 0.00251538 
0.0887788 0.00251779 
0.0887788 0.0025202 
0.0887788 0.00252261 
0.0887788 0.00252503 
0.0887788 0.00252744 
0.0887788 0.00252985 
0.0887788 0.00253226 
0.0887788 0.00253467 
0.0887788 0.00253709 
0.0887788 0.0025395 
0.0887788 0.00254191 
0.0887788 0.00254432 
0.0887788 0.00254673 
0.0887788 0.00254915 
0.0887788 0.00255156 
0.0887788 0.00255397 
0.0887788 0.00255638 
0.0887788 0.00255879 
0.0887788 0.00256121 
0.0887788 0.00256362 
0.0887788 0.00256603 
0.0887788 0.00256844 
0.0887788 0.00257085 
0.0887788 0.00257327 
0.0887788 0.00257568 
0.0887788 0.00257809 
0.0887788 0.0025805 
0.0887788 0.00258291 
0.0888848 0.00250573 
0.0888848 0.00250814 
0.0888848 0.00251055 
0.0888848 0.00251296 
0.0888848 0.00251538 
0.0888848 0.00251779 
0.0888848 0.0025202 
0.0888848 0.00252261 
0.0888848 0.00252503 
0.0888848 0.00252744 
0.0888848 0.00252985 
0.0888848 0.00253226 
0.0888848 0.00253467 
0.0888848 0.00253709 
0.0888848 0.0025395 
0.0888848 0.00254191 
0.0888848 0.00254432 
0.0888848 0.00254673 
0.0888848 0.00254915 
0.0888848 0.00255156 
0.0888848 0.00255397 
0.0888848 0.00255638 
0.0888848 0.00255879 
0.0888848 0.00256121 
0.0888848 0.00256362 
0.0888848 0.00256603 
0.0888848 0.00256844 
0.0888848 0.00257085 
0.0888848 0.00257327 
0.0888848 0.00257568 
0.0888848 0.00257809 
0.0888848 0.0025805 
0.0889907 0.00251296 
0.0889907 0.00251538 
0.0889907 0.00251779 
0.0889907 0.0025202 
0.0889907 0.00252261 
0.0889907 0.00252503 
0.0889907 0.00252744 
0.0889907 0.00252985 
0.0889907 0.00253226 
0.0889907 0.00253467 
0.0889907 0.00253709 
0.0889907 0.0025395 
0.0889907 0.00254191 
0.0889907 0.00254432 
0.0889907 0.00254673 
0.0889907 0.00254915 
0.0889907 0.00255156 
0.0889907 0.00255397 
0.0889907 0.00255638 
0.0889907 0.00255879 
0.0889907 0.00256121 
0.0889907 0.00256362 
0.0889907 0.00256603 
0.0889907 0.00256844 
0.0889907 0.00257085 
0.0889907 0.00257327 
0.0889907 0.00257568 
0.0889907 0.00257809 
0.0890967 0.00251779 
0.0890967 0.0025202 
0.0890967 0.00252261 
0.0890967 0.00252503 
0.0890967 0.00252744 
0.0890967 0.00252985 
0.0890967 0.00253226 
0.0890967 0.00253467 
0.0890967 0.00253709 
0.0890967 0.0025395 
0.0890967 0.00254191 
0.0890967 0.00254432 
0.0890967 0.00254673 
0.0890967 0.00254915 
0.0890967 0.00255156 
0.0890967 0.00255397 
0.0890967 0.00255638 
0.0890967 0.00255879 
0.0890967 0.00256121 
0.0890967 0.00256362 
0.0890967 0.00256603 
0.0890967 0.00256844 
0.0890967 0.00257085 
0.0890967 0.00257327 
0.0892027 0.00252503 
0.0892027 0.00252744 
0.0892027 0.00252985 
0.0892027 0.00253226 
0.0892027 0.00253467 
0.0892027 0.00253709 
0.0892027 0.0025395 
0.0892027 0.00254191 
0.0892027 0.00254432 
0.0892027 0.00254673 
0.0892027 0.00254915 
0.0892027 0.00255156 
0.0892027 0.00255397 
0.0892027 0.00255638 
0.0892027 0.00255879 
0.0892027 0.00256121 
0.0892027 0.00256362 
0.0892027 0.00256603 
0.0892027 0.00256844 
0.0892027 0.00257085 
0.0893087 0.00253226 
0.0893087 0.00253467 
0.0893087 0.00253709 
0.0893087 0.0025395 
0.0893087 0.00254191 
0.0893087 0.00254432 
0.0893087 0.00254673 
0.0893087 0.00254915 
0.0893087 0.00255156 
0.0893087 0.00255397 
0.0893087 0.00255638 
0.0893087 0.00255879 
0.0893087 0.00256121 
0.0893087 0.00256362 
0.0893087 0.00256603 
0.0893087 0.00256844 
0.0894147 0.0025395 
0.0894147 0.00254191 
0.0894147 0.00254432 
0.0894147 0.00254673 
0.0894147 0.00254915 
0.0894147 0.00255156 
0.0894147 0.00255397 
0.0894147 0.00255638 
0.0894147 0.00255879 
0.0894147 0.00256121 
0.0894147 0.00256362 
0.0894147 0.00256603 
0.0895207 0.00254673 
0.0895207 0.00254915 
0.0895207 0.00255156 
0.0895207 0.00255397 
0.0895207 0.00255638 
0.0895207 0.00255879 
0.0895207 0.00256121 
0.0895207 0.00256362 
0.0896267 0.00255397 
0.0896267 0.00255638 
0.0896267 0.00255879 
0.0896267 0.00256121 
